0.9360 0.7596 0.7600 0.6244 0.9499 0.6856
0.8174 0.3567 0.3328 0.5456 0.8645 0.4134
0.7135 0.3313 0.2901 0.3896 0.8631 0.3326
0.7560 0.3742 0.4605 0.3523 0.9072 0.3992
0.8094 0.5663 0.6830 0.4569 0.9339 0.5475
0.9103 0.5980 0.5488 0.5912 0.9217 0.5692
0.9353 0.7526 0.7417 0.6217 0.9479 0.6764
0.9394 0.7679 0.7563 0.6376 0.9503 0.6919
0.9403 0.7655 0.7604 0.6193 0.9496 0.6826
0.9406 0.7660 0.7369 0.6361 0.9483 0.6828
0.9423 0.7687 0.7285 0.6446 0.9479 0.6840
0.9367 0.7352 0.7065 0.6084 0.9436 0.6538
0.9388 0.7598 0.7366 0.6284 0.9478 0.6783
0.9403 0.7653 0.7143 0.6536 0.9468 0.6826
0.9354 0.7582 0.7813 0.6085 0.9508 0.6841
0.8501 0.5563 0.5913 0.4968 0.9259 0.5400
0.7146 0.3652 0.2982 0.3792 0.8675 0.3338
0.7599 0.4682 0.6020 0.3586 0.9231 0.4495
0.8085 0.5886 0.6432 0.5036 0.9321 0.5649
0.9401 0.7756 0.7626 0.6422 0.9512 0.6973
0.9361 0.7609 0.7915 0.6072 0.9516 0.6872
0.9372 0.7642 0.7726 0.6198 0.9508 0.6878
0.9372 0.7552 0.7617 0.6035 0.9488 0.6734
0.9370 0.7539 0.7580 0.6040 0.9485 0.6723
0.9358 0.7464 0.7110 0.6245 0.9449 0.6650
0.9365 0.7488 0.7137 0.6265 0.9453 0.6673
0.9379 0.7598 0.7290 0.6352 0.9474 0.6789
0.9386 0.7631 0.7455 0.6302 0.9488 0.6830
0.9488 0.7837 0.7506 0.6713 0.9517 0.7087
0.9496 0.7947 0.7773 0.6568 0.9535 0.7120
0.9569 0.8066 0.8047 0.6535 0.9558 0.7212
0.9555 0.8037 0.8008 0.6469 0.9550 0.7157
0.9369 0.7619 0.8058 0.5967 0.9521 0.6857
0.8191 0.3631 0.3352 0.5438 0.8657 0.4147
0.7153 0.3268 0.2704 0.4260 0.8491 0.3308
0.7562 0.3744 0.4836 0.3404 0.9104 0.3995
0.8119 0.5723 0.6295 0.4927 0.9302 0.5527
0.9129 0.6025 0.5417 0.6172 0.9208 0.5770
0.9364 0.7557 0.7391 0.6288 0.9481 0.6795
0.9402 0.7699 0.7800 0.6208 0.9515 0.6914
0.9418 0.7695 0.7681 0.6199 0.9504 0.6861
0.9421 0.7700 0.7688 0.6197 0.9504 0.6862
0.9438 0.7727 0.7703 0.6213 0.9506 0.6879
0.9378 0.7360 0.6959 0.6158 0.9428 0.6534
0.9402 0.7637 0.7592 0.6176 0.9494 0.6812
0.9417 0.7694 0.7223 0.6530 0.9477 0.6859
0.9363 0.7601 0.7579 0.6232 0.9496 0.6840
0.8517 0.5543 0.5744 0.5125 0.9241 0.5417
0.7158 0.3630 0.2988 0.3709 0.8688 0.3310
0.7593 0.4670 0.6618 0.3378 0.9269 0.4473
0.8109 0.5959 0.6595 0.5009 0.9337 0.5694
0.9409 0.7806 0.7739 0.6457 0.9525 0.7040
0.9372 0.7631 0.7923 0.6082 0.9518 0.6881
0.9381 0.7658 0.7823 0.6171 0.9515 0.6899
0.9387 0.7593 0.7100 0.6439 0.9458 0.6753
0.9386 0.7580 0.7353 0.6226 0.9473 0.6742
0.9373 0.7502 0.7249 0.6181 0.9460 0.6672
0.9380 0.7526 0.7121 0.6309 0.9454 0.6691
0.9393 0.7637 0.7511 0.6249 0.9490 0.6822
0.9400 0.7669 0.7574 0.6254 0.9497 0.6851
0.9502 0.7830 0.7798 0.6444 0.9530 0.7057
0.9506 0.7955 0.7734 0.6555 0.9530 0.7096
0.9580 0.8086 0.7917 0.6648 0.9554 0.7227
0.9566 0.8066 0.7864 0.6618 0.9547 0.7188
0.9356 0.7584 0.7823 0.6081 0.9509 0.6843
0.8186 0.3671 0.3436 0.5342 0.8699 0.4182
0.7147 0.3309 0.2973 0.3700 0.8683 0.3297
0.7568 0.3746 0.4682 0.3338 0.9085 0.3897
0.8066 0.5641 0.6660 0.4550 0.9323 0.5407
0.9109 0.5911 0.5628 0.5734 0.9237 0.5681
0.9351 0.7522 0.7578 0.6149 0.9491 0.6789
0.9391 0.7666 0.7821 0.6209 0.9517 0.6923
0.9410 0.7675 0.7650 0.6231 0.9503 0.6868
0.9413 0.7681 0.7743 0.6172 0.9508 0.6869
0.9432 0.7714 0.7659 0.6273 0.9506 0.6897
0.9377 0.7372 0.6957 0.6187 0.9429 0.6549
0.9395 0.7624 0.7356 0.6372 0.9482 0.6829
0.9407 0.7677 0.7308 0.6491 0.9484 0.6876
0.9349 0.7564 0.7684 0.6152 0.9501 0.6833
0.8509 0.5585 0.5797 0.5114 0.9248 0.5434
0.7152 0.3622 0.3210 0.3314 0.8801 0.3261
0.7614 0.4662 0.7159 0.3235 0.9296 0.4456
0.8051 0.5871 0.7235 0.4632 0.9375 0.5648
0.9407 0.7749 0.7674 0.6387 0.9514 0.6972
0.9357 0.7593 0.7642 0.6224 0.9501 0.6860
0.9368 0.7627 0.7676 0.6307 0.9510 0.6925
0.9379 0.7582 0.7499 0.6201 0.9487 0.6789
0.9378 0.7572 0.7548 0.6150 0.9488 0.6777
0.9370 0.7505 0.7239 0.6269 0.9464 0.6719
0.9376 0.7526 0.7196 0.6332 0.9463 0.6736
0.9384 0.7621 0.7416 0.6347 0.9487 0.6840
0.9390 0.7653 0.7495 0.6345 0.9494 0.6872
0.9480 0.7793 0.7547 0.6626 0.9516 0.7057
0.9492 0.7906 0.7746 0.6537 0.9530 0.7090
0.9569 0.8056 0.8003 0.6588 0.9558 0.7227
0.9557 0.8041 0.7838 0.6614 0.9544 0.7174
0.9370 0.7595 0.7564 0.6167 0.9491 0.6794
0.8213 0.3628 0.3369 0.5532 0.8656 0.4188
0.7140 0.3277 0.2842 0.3966 0.8598 0.3311
0.7606 0.3816 0.4699 0.3512 0.9085 0.4020
0.8198 0.5790 0.6320 0.4954 0.9306 0.5554
0.9133 0.5980 0.5318 0.6217 0.9190 0.5732
0.9369 0.7549 0.7495 0.6212 0.9487 0.6794
0.9409 0.7699 0.7971 0.6110 0.9523 0.6917
0.9419 0.7678 0.7729 0.6188 0.9507 0.6873
0.9422 0.7684 0.7717 0.6208 0.9507 0.6881
0.9439 0.7715 0.7525 0.6369 0.9499 0.6899
0.9385 0.7378 0.7202 0.6044 0.9448 0.6572
0.9402 0.7616 0.7480 0.6270 0.9489 0.6822
0.9417 0.7673 0.7369 0.6437 0.9487 0.6871
0.9363 0.7578 0.7430 0.6226 0.9481 0.6775
0.8531 0.5595 0.6132 0.4884 0.9283 0.5437
0.7141 0.3615 0.2962 0.3659 0.8684 0.3274
0.7649 0.4747 0.6470 0.3499 0.9264 0.4542
0.8185 0.6025 0.7118 0.4800 0.9375 0.5734
0.9414 0.7771 0.7847 0.6289 0.9524 0.6982
0.9371 0.7607 0.7399 0.6317 0.9483 0.6815
0.9383 0.7635 0.7725 0.6139 0.9504 0.6841
0.9389 0.7573 0.7309 0.6325 0.9474 0.6781
0.9387 0.7561 0.7306 0.6304 0.9473 0.6768
0.9376 0.7489 0.7217 0.6256 0.9461 0.6702
0.9383 0.7512 0.7138 0.6355 0.9458 0.6724
0.9393 0.7614 0.7435 0.6305 0.9486 0.6824
0.9400 0.7646 0.7391 0.6364 0.9485 0.6839
0.9493 0.7816 0.7633 0.6569 0.9521 0.7061
0.9539 0.7991 0.8042 0.6458 0.9552 0.7164
0.9576 0.8119 0.8172 0.6521 0.9568 0.7254
0.9566 0.8069 0.7961 0.6578 0.9553 0.7204
0.9360 0.7593 0.7664 0.6179 0.9501 0.6842
0.8222 0.3657 0.3418 0.5617 0.8670 0.4250
0.7135 0.3258 0.3169 0.3459 0.8775 0.3308
0.7518 0.3802 0.4589 0.3592 0.9068 0.4030
0.8121 0.5748 0.6760 0.4730 0.9340 0.5566
0.9138 0.6098 0.5713 0.5819 0.9252 0.5766
0.9360 0.7548 0.7508 0.6194 0.9487 0.6788
0.9394 0.7685 0.7827 0.6200 0.9517 0.6919
0.9410 0.7671 0.7062 0.6648 0.9465 0.6849
0.9413 0.7676 0.7341 0.6423 0.9483 0.6851
0.9431 0.7702 0.7345 0.6460 0.9486 0.6874
0.9371 0.7338 0.6712 0.6339 0.9408 0.6520
0.9396 0.7612 0.7366 0.6313 0.9480 0.6799
0.9408 0.7664 0.7325 0.6435 0.9482 0.6851
0.9354 0.7577 0.7698 0.6139 0.9501 0.6831
0.8526 0.5670 0.5838 0.5241 0.9256 0.5523
0.7117 0.3617 0.2851 0.3833 0.8619 0.3270
0.7575 0.4734 0.6683 0.3467 0.9278 0.4566
0.8110 0.5984 0.7345 0.4817 0.9394 0.5818
0.9416 0.7786 0.7636 0.6457 0.9515 0.6998
0.9364 0.7608 0.7652 0.6233 0.9503 0.6870
0.9372 0.7637 0.7406 0.6437 0.9491 0.6888
0.9379 0.7566 0.7584 0.6071 0.9487 0.6744
0.9377 0.7553 0.7200 0.6321 0.9463 0.6732
0.9366 0.7474 0.7330 0.6111 0.9465 0.6665
0.9373 0.7498 0.7377 0.6116 0.9470 0.6687
0.9385 0.7612 0.7451 0.6264 0.9485 0.6806
0.9392 0.7645 0.7610 0.6211 0.9498 0.6840
0.9479 0.7814 0.7494 0.6727 0.9517 0.7090
0.9509 0.7972 0.7767 0.6599 0.9536 0.7136
0.9572 0.8080 0.7979 0.6647 0.9559 0.7252
0.9561 0.8068 0.7995 0.6540 0.9554 0.7195
