0.9362 0.7591 0.7548 0.6273 0.9495 0.6852
0.8220 0.3699 0.3396 0.5501 0.8670 0.4199
0.7190 0.3327 0.3030 0.3544 0.8721 0.3267
0.7571 0.3770 0.4845 0.3403 0.9106 0.3998
0.8126 0.5708 0.6375 0.4798 0.9306 0.5475
0.9116 0.5960 0.5458 0.5927 0.9212 0.5683
0.9358 0.7526 0.7706 0.6014 0.9494 0.6756
0.9398 0.7670 0.7459 0.6401 0.9494 0.6889
0.9413 0.7667 0.7268 0.6472 0.9478 0.6847
0.9416 0.7673 0.7263 0.6481 0.9478 0.6850
0.9433 0.7700 0.7476 0.6350 0.9493 0.6867
0.9373 0.7336 0.6980 0.6082 0.9427 0.6500
0.9397 0.7611 0.7761 0.6053 0.9502 0.6801
0.9410 0.7662 0.7637 0.6182 0.9498 0.6833
0.9356 0.7572 0.7688 0.6135 0.9500 0.6824
0.8545 0.5672 0.5998 0.5114 0.9274 0.5521
0.7196 0.3648 0.2861 0.3779 0.8630 0.3257
0.7619 0.4715 0.6781 0.3410 0.9282 0.4538
0.8113 0.5923 0.7315 0.4692 0.9385 0.5717
0.9406 0.7755 0.7828 0.6273 0.9521 0.6965
0.9364 0.7601 0.7753 0.6153 0.9507 0.6861
0.9374 0.7629 0.7605 0.6281 0.9501 0.6880
0.9381 0.7565 0.7429 0.6205 0.9480 0.6762
0.9380 0.7552 0.7336 0.6242 0.9473 0.6745
0.9368 0.7475 0.7586 0.5974 0.9481 0.6684
0.9375 0.7498 0.7477 0.6055 0.9476 0.6691
0.9387 0.7609 0.7554 0.6192 0.9491 0.6805
0.9393 0.7642 0.7464 0.6315 0.9490 0.6842
0.9490 0.7822 0.7358 0.6876 0.9510 0.7109
0.9504 0.7924 0.8061 0.6316 0.9545 0.7083
0.9566 0.8044 0.8026 0.6509 0.9554 0.7188
0.9557 0.8029 0.7809 0.6573 0.9539 0.7138
0.9358 0.7566 0.7835 0.5967 0.9503 0.6775
0.8185 0.3649 0.3420 0.5416 0.8687 0.4192
0.7206 0.3369 0.3207 0.3665 0.8766 0.3421
0.7546 0.3748 0.4691 0.3397 0.9086 0.3941
0.8098 0.5705 0.6395 0.4876 0.9311 0.5533
0.9114 0.5956 0.5424 0.5989 0.9207 0.5693
0.9356 0.7506 0.7441 0.6149 0.9478 0.6734
0.9395 0.7657 0.7702 0.6192 0.9505 0.6865
0.9412 0.7681 0.7361 0.6434 0.9486 0.6866
0.9416 0.7686 0.7371 0.6430 0.9487 0.6868
0.9435 0.7717 0.7332 0.6482 0.9486 0.6881
0.9380 0.7390 0.7309 0.6001 0.9457 0.6591
0.9399 0.7624 0.7555 0.6201 0.9492 0.6811
0.9412 0.7680 0.7807 0.6126 0.9510 0.6865
0.9352 0.7551 0.7366 0.6245 0.9476 0.6759
0.8511 0.5589 0.5833 0.5111 0.9253 0.5448
0.7206 0.3734 0.3124 0.3754 0.8730 0.3410
0.7595 0.4695 0.6673 0.3393 0.9274 0.4499
0.8083 0.5907 0.6661 0.4993 0.9343 0.5707
0.9404 0.7762 0.7743 0.6397 0.9521 0.7006
0.9361 0.7583 0.7768 0.6028 0.9501 0.6788
0.9373 0.7619 0.7899 0.6044 0.9513 0.6848
0.9384 0.7585 0.7342 0.6288 0.9476 0.6774
0.9383 0.7574 0.7637 0.6059 0.9491 0.6757
0.9373 0.7506 0.7133 0.6292 0.9454 0.6686
0.9380 0.7528 0.7431 0.6103 0.9474 0.6702
0.9388 0.7621 0.7591 0.6188 0.9494 0.6818
0.9394 0.7647 0.7391 0.6383 0.9486 0.6850
0.9486 0.7819 0.7421 0.6744 0.9510 0.7066
0.9500 0.7942 0.7858 0.6520 0.9540 0.7127
0.9578 0.8108 0.7812 0.6753 0.9550 0.7244
0.9562 0.8065 0.8043 0.6529 0.9557 0.7207
0.9368 0.7593 0.7393 0.6335 0.9484 0.6823
0.8217 0.3651 0.3383 0.5601 0.8656 0.4218
0.7082 0.3197 0.2995 0.3527 0.8711 0.3239
0.7580 0.3841 0.4754 0.3509 0.9093 0.4037
0.8152 0.5746 0.6466 0.4847 0.9317 0.5540
0.9108 0.5979 0.5507 0.5901 0.9220 0.5697
0.9363 0.7545 0.7323 0.6332 0.9476 0.6791
0.9400 0.7686 0.7534 0.6408 0.9502 0.6925
0.9419 0.7679 0.7432 0.6366 0.9489 0.6858
0.9422 0.7684 0.7634 0.6225 0.9501 0.6858
0.9439 0.7713 0.7272 0.6535 0.9482 0.6884
0.9382 0.7350 0.6965 0.6164 0.9429 0.6540
0.9402 0.7616 0.7265 0.6399 0.9474 0.6804
0.9417 0.7676 0.7557 0.6261 0.9496 0.6848
0.9361 0.7577 0.7449 0.6257 0.9485 0.6801
0.8541 0.5602 0.5668 0.5249 0.9233 0.5450
0.7084 0.3510 0.2466 0.4528 0.8310 0.3193
0.7618 0.4734 0.6335 0.3556 0.9256 0.4555
0.8143 0.5992 0.6812 0.4977 0.9357 0.5752
0.9419 0.7774 0.7673 0.6397 0.9515 0.6977
0.9371 0.7611 0.7296 0.6438 0.9479 0.6840
0.9378 0.7637 0.7290 0.6505 0.9482 0.6875
0.9389 0.7573 0.7086 0.6456 0.9457 0.6756
0.9387 0.7559 0.7130 0.6403 0.9460 0.6747
0.9377 0.7479 0.6995 0.6372 0.9443 0.6669
0.9383 0.7504 0.7027 0.6382 0.9447 0.6689
0.9393 0.7618 0.7042 0.6589 0.9459 0.6808
0.9399 0.7650 0.7228 0.6509 0.9476 0.6850
0.9484 0.7845 0.7304 0.6886 0.9505 0.7089
0.9507 0.7939 0.7633 0.6655 0.9527 0.7111
0.9572 0.8065 0.7862 0.6691 0.9551 0.7229
0.9564 0.8060 0.7603 0.6840 0.9535 0.7202
0.9369 0.7630 0.7611 0.6279 0.9502 0.6881
0.8201 0.3623 0.3373 0.5592 0.8652 0.4208
0.7078 0.3258 0.2849 0.3921 0.8607 0.3300
0.7546 0.3782 0.4681 0.3538 0.9083 0.4030
0.8119 0.5724 0.6751 0.4649 0.9336 0.5506
0.9137 0.6091 0.5738 0.5851 0.9256 0.5794
0.9366 0.7574 0.7574 0.6210 0.9494 0.6825
0.9406 0.7709 0.7631 0.6355 0.9508 0.6935
0.9414 0.7676 0.7554 0.6295 0.9497 0.6867
0.9417 0.7680 0.7572 0.6288 0.9499 0.6870
0.9434 0.7703 0.7564 0.6307 0.9499 0.6879
0.9360 0.7293 0.7231 0.5815 0.9439 0.6446
0.9398 0.7615 0.7512 0.6235 0.9490 0.6814
0.9407 0.7654 0.7445 0.6332 0.9489 0.6844
0.9363 0.7613 0.7697 0.6196 0.9505 0.6865
0.8516 0.5613 0.5800 0.5151 0.9249 0.5457
0.7069 0.3591 0.2760 0.4036 0.8551 0.3278
0.7587 0.4697 0.6695 0.3427 0.9277 0.4534
0.8107 0.5965 0.7029 0.4854 0.9370 0.5742
0.9418 0.7806 0.7616 0.6531 0.9517 0.7032
0.9372 0.7641 0.7751 0.6217 0.9511 0.6899
0.9381 0.7663 0.7776 0.6202 0.9512 0.6901
0.9381 0.7564 0.7567 0.6108 0.9488 0.6760
0.9379 0.7549 0.7575 0.6081 0.9487 0.6746
0.9365 0.7463 0.7482 0.6018 0.9474 0.6670
0.9372 0.7485 0.7477 0.6051 0.9476 0.6689
0.9387 0.7615 0.7561 0.6218 0.9493 0.6824
0.9394 0.7647 0.7451 0.6338 0.9490 0.6849
0.9491 0.7834 0.7763 0.6550 0.9533 0.7105
0.9534 0.8016 0.7577 0.6796 0.9529 0.7165
0.9580 0.8070 0.7799 0.6712 0.9546 0.7215
0.9565 0.8039 0.7660 0.6745 0.9535 0.7173
0.9353 0.7582 0.7833 0.6051 0.9508 0.6828
0.8164 0.3557 0.3406 0.5375 0.8685 0.4170
0.7169 0.3333 0.3086 0.3669 0.8726 0.3352
0.7573 0.3753 0.4633 0.3471 0.9077 0.3968
0.8100 0.5669 0.6664 0.4632 0.9327 0.5465
0.9112 0.5980 0.5554 0.5882 0.9228 0.5714
0.9348 0.7527 0.7541 0.6163 0.9488 0.6783
0.9384 0.7659 0.7523 0.6386 0.9500 0.6908
0.9398 0.7643 0.7141 0.6523 0.9467 0.6818
0.9401 0.7648 0.7623 0.6171 0.9496 0.6821
0.9419 0.7679 0.7324 0.6439 0.9482 0.6853
0.9361 0.7367 0.7201 0.6065 0.9449 0.6584
0.9383 0.7588 0.7212 0.6402 0.9468 0.6783
0.9396 0.7647 0.7486 0.6293 0.9491 0.6838
0.9347 0.7572 0.7636 0.6158 0.9497 0.6818
0.8469 0.5513 0.6101 0.4820 0.9277 0.5385
0.7167 0.3667 0.3028 0.3755 0.8697 0.3353
0.7618 0.4667 0.6722 0.3359 0.9275 0.4480
0.8094 0.5909 0.7323 0.4612 0.9381 0.5660
0.9397 0.7763 0.7298 0.6694 0.9494 0.6983
0.9353 0.7593 0.7526 0.6249 0.9492 0.6829
0.9364 0.7622 0.7433 0.6382 0.9490 0.6868
0.9367 0.7545 0.7529 0.6108 0.9484 0.6745
0.9365 0.7534 0.7477 0.6127 0.9480 0.6735
0.9354 0.7467 0.7333 0.6132 0.9466 0.6679
0.9361 0.7490 0.7421 0.6105 0.9473 0.6699
0.9373 0.7588 0.7137 0.6472 0.9464 0.6788
0.9381 0.7624 0.7347 0.6386 0.9482 0.6833
0.9457 0.7750 0.7537 0.6570 0.9512 0.7020
0.9482 0.7884 0.7859 0.6357 0.9530 0.7028
0.9554 0.8035 0.7803 0.6651 0.9543 0.7181
0.9544 0.8021 0.7892 0.6538 0.9544 0.7151
