0.9361 0.7611 0.7540 0.6286 0.9495 0.6856
0.8179 0.3650 0.3362 0.5559 0.8651 0.4190
0.7183 0.3319 0.3046 0.3708 0.8708 0.3344
0.7617 0.3841 0.4788 0.3495 0.9098 0.4041
0.8105 0.5668 0.6603 0.4698 0.9324 0.5490
0.9119 0.5979 0.5420 0.6117 0.9208 0.5748
0.9359 0.7572 0.7302 0.6384 0.9477 0.6812
0.9399 0.7719 0.7685 0.6383 0.9515 0.6974
0.9408 0.7687 0.7327 0.6518 0.9487 0.6899
0.9411 0.7692 0.7309 0.6531 0.9486 0.6899
0.9430 0.7722 0.7290 0.6576 0.9486 0.6915
0.9372 0.7383 0.7385 0.5881 0.9457 0.6548
0.9395 0.7632 0.7241 0.6485 0.9476 0.6842
0.9408 0.7691 0.7577 0.6314 0.9501 0.6888
0.9356 0.7599 0.7596 0.6232 0.9498 0.6847
0.8489 0.5603 0.5983 0.4992 0.9268 0.5443
0.7178 0.3678 0.3034 0.3663 0.8709 0.3319
0.7662 0.4769 0.6268 0.3575 0.9251 0.4553
0.8098 0.5919 0.7225 0.4667 0.9376 0.5671
0.9414 0.7800 0.7519 0.6598 0.9512 0.7029
0.9364 0.7628 0.7800 0.6154 0.9511 0.6880
0.9374 0.7659 0.7582 0.6354 0.9504 0.6914
0.9378 0.7586 0.7421 0.6284 0.9484 0.6806
0.9377 0.7574 0.7366 0.6302 0.9479 0.6792
0.9366 0.7501 0.7268 0.6220 0.9465 0.6703
0.9373 0.7524 0.7099 0.6383 0.9455 0.6722
0.9384 0.7631 0.7319 0.6438 0.9482 0.6850
0.9392 0.7664 0.7554 0.6314 0.9499 0.6879
0.9476 0.7859 0.7625 0.6672 0.9527 0.7117
0.9510 0.7967 0.7832 0.6564 0.9540 0.7143
0.9567 0.8101 0.8034 0.6597 0.9561 0.7245
0.9558 0.8082 0.7929 0.6636 0.9554 0.7225
0.9372 0.7606 0.7489 0.6287 0.9490 0.6835
0.8221 0.3690 0.3410 0.5559 0.8671 0.4227
0.7113 0.3302 0.3049 0.3612 0.8720 0.3307
0.7541 0.3791 0.4668 0.3503 0.9081 0.4003
0.8149 0.5782 0.6470 0.4857 0.9318 0.5549
0.9126 0.6058 0.5616 0.5947 0.9239 0.5777
0.9370 0.7552 0.7615 0.6120 0.9493 0.6786
0.9406 0.7694 0.7721 0.6283 0.9512 0.6928
0.9420 0.7680 0.7373 0.6400 0.9485 0.6852
0.9423 0.7685 0.7383 0.6400 0.9486 0.6856
0.9440 0.7715 0.7479 0.6368 0.9494 0.6879
0.9390 0.7389 0.7295 0.5952 0.9453 0.6556
0.9404 0.7619 0.7316 0.6364 0.9477 0.6807
0.9420 0.7680 0.7445 0.6341 0.9489 0.6849
0.9366 0.7591 0.7406 0.6313 0.9484 0.6816
0.8552 0.5658 0.6120 0.5041 0.9286 0.5529
0.7105 0.3616 0.2986 0.3673 0.8691 0.3294
0.7585 0.4691 0.6341 0.3506 0.9255 0.4515
0.8139 0.5990 0.7181 0.4813 0.9381 0.5763
0.9409 0.7777 0.7489 0.6577 0.9507 0.7003
0.9374 0.7615 0.7659 0.6167 0.9500 0.6833
0.9385 0.7647 0.7673 0.6216 0.9504 0.6868
0.9389 0.7577 0.7244 0.6322 0.9468 0.6751
0.9388 0.7565 0.7662 0.6014 0.9490 0.6739
0.9377 0.7492 0.7355 0.6102 0.9467 0.6670
0.9385 0.7517 0.7307 0.6171 0.9466 0.6691
0.9395 0.7619 0.7357 0.6353 0.9481 0.6818
0.9402 0.7652 0.7297 0.6465 0.9481 0.6855
0.9477 0.7794 0.7504 0.6663 0.9514 0.7059
0.9521 0.8005 0.7846 0.6615 0.9545 0.7178
0.9573 0.8092 0.7747 0.6825 0.9548 0.7257
0.9560 0.8063 0.7853 0.6655 0.9548 0.7204
0.9351 0.7555 0.7522 0.6196 0.9488 0.6795
0.8186 0.3660 0.3377 0.5455 0.8666 0.4172
0.7123 0.3289 0.3032 0.3669 0.8708 0.3320
0.7533 0.3754 0.4521 0.3533 0.9059 0.3967
0.8126 0.5725 0.6449 0.4823 0.9314 0.5519
0.9111 0.5985 0.5596 0.5795 0.9233 0.5694
0.9349 0.7495 0.7107 0.6401 0.9457 0.6736
0.9390 0.7650 0.7432 0.6370 0.9490 0.6860
0.9404 0.7642 0.7624 0.6159 0.9496 0.6814
0.9407 0.7648 0.7578 0.6198 0.9494 0.6819
0.9425 0.7675 0.7488 0.6289 0.9490 0.6836
0.9371 0.7332 0.7445 0.5716 0.9453 0.6467
0.9389 0.7585 0.7416 0.6220 0.9479 0.6765
0.9402 0.7639 0.7531 0.6214 0.9490 0.6810
0.9344 0.7542 0.7494 0.6200 0.9486 0.6786
0.8527 0.5596 0.5587 0.5268 0.9222 0.5422
0.7128 0.3625 0.2664 0.4236 0.8475 0.3271
0.7579 0.4686 0.6482 0.3437 0.9262 0.4492
0.8111 0.5951 0.7332 0.4720 0.9388 0.5743
0.9401 0.7742 0.7688 0.6365 0.9514 0.6964
0.9352 0.7568 0.7706 0.6086 0.9499 0.6801
0.9366 0.7610 0.7725 0.6124 0.9503 0.6832
0.9372 0.7540 0.7466 0.6096 0.9477 0.6712
0.9371 0.7528 0.7105 0.6341 0.9454 0.6701
0.9361 0.7453 0.7082 0.6227 0.9445 0.6627
0.9368 0.7477 0.7022 0.6311 0.9443 0.6648
0.9377 0.7584 0.7280 0.6325 0.9471 0.6769
0.9384 0.7615 0.7380 0.6318 0.9481 0.6808
0.9489 0.7829 0.7319 0.6803 0.9502 0.7052
0.9497 0.7935 0.7301 0.6881 0.9504 0.7085
0.9563 0.8010 0.7806 0.6654 0.9543 0.7184
0.9553 0.8021 0.7791 0.6635 0.9541 0.7167
0.9365 0.7634 0.7679 0.6249 0.9506 0.6891
0.8192 0.3658 0.3390 0.5470 0.8670 0.4186
0.7147 0.3287 0.2857 0.4060 0.8592 0.3354
0.7519 0.3744 0.4573 0.3515 0.9067 0.3975
0.8124 0.5736 0.6504 0.4767 0.9318 0.5502
0.9124 0.6027 0.5632 0.5896 0.9241 0.5761
0.9361 0.7580 0.7457 0.6295 0.9488 0.6827
0.9398 0.7710 0.7640 0.6348 0.9509 0.6935
0.9413 0.7695 0.7368 0.6449 0.9488 0.6878
0.9416 0.7701 0.7418 0.6417 0.9491 0.6882
0.9435 0.7732 0.7667 0.6288 0.9508 0.6909
0.9369 0.7369 0.7187 0.6036 0.9446 0.6562
0.9397 0.7642 0.7402 0.6361 0.9486 0.6842
0.9409 0.7687 0.7663 0.6235 0.9504 0.6875
0.9359 0.7618 0.7700 0.6234 0.9507 0.6890
0.8507 0.5599 0.5801 0.5117 0.9248 0.5438
0.7146 0.3654 0.2897 0.3916 0.8627 0.3331
0.7576 0.4691 0.6715 0.3431 0.9278 0.4542
0.8109 0.5962 0.7292 0.4739 0.9385 0.5744
0.9413 0.7810 0.7876 0.6363 0.9531 0.7039
0.9367 0.7644 0.7520 0.6390 0.9500 0.6909
0.9375 0.7669 0.7702 0.6295 0.9511 0.6928
0.9381 0.7594 0.7162 0.6443 0.9465 0.6783
0.9379 0.7582 0.7351 0.6273 0.9476 0.6770
0.9368 0.7508 0.7642 0.5982 0.9487 0.6711
0.9375 0.7529 0.7581 0.6052 0.9485 0.6731
0.9386 0.7640 0.7453 0.6329 0.9489 0.6845
0.9393 0.7675 0.7215 0.6592 0.9479 0.6890
0.9483 0.7834 0.7686 0.6607 0.9529 0.7105
0.9511 0.7976 0.8092 0.6342 0.9549 0.7111
0.9583 0.8113 0.8067 0.6559 0.9561 0.7235
0.9565 0.8067 0.7478 0.6889 0.9524 0.7171
0.9364 0.7578 0.7427 0.6245 0.9482 0.6785
0.8186 0.3666 0.3364 0.5555 0.8652 0.4190
0.7159 0.3290 0.2665 0.4270 0.8470 0.3282
0.7595 0.3755 0.4693 0.3428 0.9085 0.3962
0.8087 0.5636 0.6729 0.4592 0.9331 0.5459
0.9118 0.5985 0.5633 0.5690 0.9237 0.5661
0.9357 0.7515 0.7400 0.6210 0.9477 0.6753
0.9396 0.7659 0.7383 0.6440 0.9489 0.6879
0.9415 0.7672 0.7554 0.6261 0.9495 0.6847
0.9418 0.7677 0.7612 0.6225 0.9499 0.6849
0.9434 0.7705 0.7573 0.6289 0.9499 0.6871
0.9380 0.7368 0.7202 0.5996 0.9446 0.6544
0.9399 0.7615 0.7483 0.6219 0.9486 0.6793
0.9414 0.7676 0.7527 0.6289 0.9494 0.6852
0.9358 0.7564 0.7380 0.6254 0.9478 0.6770
0.8499 0.5584 0.5922 0.5020 0.9262 0.5434
0.7161 0.3595 0.2973 0.3556 0.8700 0.3239
0.7629 0.4673 0.6445 0.3435 0.9260 0.4481
0.8077 0.5900 0.6961 0.4804 0.9362 0.5685
0.9410 0.7761 0.7674 0.6387 0.9514 0.6972
0.9366 0.7599 0.7762 0.6087 0.9504 0.6823
0.9376 0.7625 0.7490 0.6327 0.9493 0.6859
0.9385 0.7575 0.7314 0.6274 0.9472 0.6754
0.9383 0.7563 0.7421 0.6173 0.9477 0.6740
0.9372 0.7490 0.7393 0.6095 0.9470 0.6682
0.9379 0.7515 0.7325 0.6185 0.9468 0.6707
0.9390 0.7615 0.7446 0.6247 0.9484 0.6794
0.9397 0.7646 0.7334 0.6357 0.9479 0.6810
0.9485 0.7828 0.7499 0.6660 0.9513 0.7055
0.9513 0.7939 0.7753 0.6526 0.9530 0.7087
0.9568 0.8057 0.7937 0.6551 0.9549 0.7178
0.9559 0.8040 0.7832 0.6564 0.9540 0.7143
