0.9363 0.7623 0.7721 0.6195 0.9507 0.6874
0.8224 0.3677 0.3359 0.5556 0.8650 0.4187
0.7131 0.3330 0.2870 0.4002 0.8605 0.3343
0.7558 0.3751 0.4756 0.3483 0.9094 0.4021
0.8140 0.5749 0.6453 0.4855 0.9316 0.5541
0.9129 0.6093 0.5552 0.6051 0.9230 0.5791
0.9357 0.7565 0.7666 0.6104 0.9496 0.6797
0.9394 0.7701 0.7888 0.6212 0.9523 0.6951
0.9409 0.7670 0.7248 0.6476 0.9476 0.6840
0.9412 0.7675 0.7231 0.6489 0.9475 0.6840
0.9429 0.7703 0.7525 0.6302 0.9495 0.6859
0.9376 0.7338 0.7222 0.5938 0.9445 0.6517
0.9392 0.7611 0.7392 0.6277 0.9480 0.6789
0.9408 0.7664 0.7470 0.6311 0.9490 0.6842
0.9358 0.7604 0.8046 0.5971 0.9520 0.6855
0.8536 0.5639 0.6081 0.4967 0.9279 0.5468
0.7128 0.3645 0.3170 0.3484 0.8773 0.3320
0.7607 0.4707 0.6533 0.3443 0.9266 0.4509
0.8127 0.5977 0.6890 0.4929 0.9361 0.5747
0.9411 0.7801 0.7868 0.6347 0.9530 0.7026
0.9365 0.7627 0.7742 0.6200 0.9509 0.6886
0.9375 0.7654 0.7608 0.6313 0.9504 0.6900
0.9377 0.7563 0.7585 0.6052 0.9486 0.6732
0.9375 0.7550 0.7401 0.6153 0.9474 0.6719
0.9363 0.7471 0.7237 0.6172 0.9459 0.6662
0.9371 0.7495 0.7287 0.6166 0.9464 0.6680
0.9384 0.7611 0.7176 0.6443 0.9467 0.6790
0.9391 0.7645 0.7226 0.6490 0.9475 0.6838
0.9477 0.7829 0.7846 0.6463 0.9535 0.7087
0.9505 0.7954 0.7799 0.6547 0.9536 0.7118
0.9566 0.8110 0.8182 0.6531 0.9569 0.7264
0.9552 0.8064 0.7889 0.6650 0.9551 0.7217
0.9364 0.7576 0.7663 0.6151 0.9499 0.6824
0.8182 0.3601 0.3429 0.5347 0.8696 0.4178
0.7180 0.3350 0.2954 0.3903 0.8652 0.3363
0.7523 0.3702 0.4549 0.3434 0.9065 0.3913
0.8106 0.5665 0.6587 0.4693 0.9323 0.5481
0.9137 0.5951 0.5272 0.6148 0.9180 0.5676
0.9363 0.7521 0.7796 0.5949 0.9498 0.6748
0.9400 0.7668 0.7862 0.6125 0.9515 0.6886
0.9413 0.7666 0.7372 0.6427 0.9487 0.6867
0.9416 0.7672 0.7434 0.6387 0.9491 0.6871
0.9434 0.7699 0.7566 0.6337 0.9501 0.6897
0.9375 0.7350 0.7242 0.6010 0.9450 0.6568
0.9400 0.7607 0.7315 0.6357 0.9477 0.6802
0.9411 0.7659 0.7564 0.6278 0.9497 0.6861
0.9357 0.7558 0.7727 0.6047 0.9498 0.6784
0.8508 0.5536 0.6190 0.4805 0.9286 0.5411
0.7186 0.3692 0.2981 0.3868 0.8666 0.3367
0.7562 0.4605 0.6309 0.3408 0.9249 0.4425
0.8092 0.5886 0.7050 0.4800 0.9369 0.5711
0.9417 0.7755 0.7609 0.6394 0.9509 0.6949
0.9365 0.7584 0.7658 0.6163 0.9499 0.6830
0.9375 0.7620 0.7525 0.6309 0.9495 0.6864
0.9383 0.7563 0.7448 0.6216 0.9482 0.6776
0.9382 0.7550 0.7460 0.6179 0.9481 0.6760
0.9371 0.7474 0.7574 0.5987 0.9481 0.6688
0.9378 0.7498 0.7593 0.6009 0.9484 0.6708
0.9388 0.7605 0.7354 0.6343 0.9480 0.6811
0.9395 0.7636 0.7460 0.6316 0.9489 0.6841
0.9476 0.7791 0.7424 0.6738 0.9510 0.7064
0.9530 0.7993 0.7859 0.6562 0.9543 0.7152
0.9568 0.8073 0.7827 0.6690 0.9548 0.7214
0.9558 0.8045 0.7650 0.6739 0.9533 0.7166
0.9370 0.7621 0.7653 0.6258 0.9504 0.6885
0.8213 0.3665 0.3415 0.5431 0.8684 0.4194
0.7094 0.3246 0.2636 0.4252 0.8458 0.3255
0.7580 0.3820 0.4888 0.3401 0.9111 0.4011
0.8145 0.5767 0.6945 0.4639 0.9352 0.5562
0.9112 0.5995 0.5319 0.6175 0.9190 0.5715
0.9369 0.7556 0.7478 0.6234 0.9486 0.6800
0.9406 0.7699 0.7658 0.6369 0.9512 0.6954
0.9416 0.7684 0.7403 0.6473 0.9493 0.6907
0.9419 0.7690 0.7390 0.6491 0.9492 0.6912
0.9437 0.7718 0.7444 0.6475 0.9497 0.6926
0.9377 0.7346 0.6880 0.6196 0.9421 0.6520
0.9400 0.7627 0.7385 0.6395 0.9486 0.6854
0.9414 0.7675 0.7369 0.6456 0.9488 0.6882
0.9363 0.7603 0.7491 0.6336 0.9494 0.6865
0.8533 0.5646 0.6250 0.4914 0.9297 0.5502
0.7086 0.3591 0.2595 0.4263 0.8433 0.3226
0.7630 0.4747 0.6739 0.3460 0.9281 0.4573
0.8134 0.5998 0.7186 0.4796 0.9380 0.5753
0.9408 0.7778 0.7863 0.6334 0.9528 0.7016
0.9372 0.7629 0.7646 0.6291 0.9506 0.6902
0.9380 0.7658 0.7536 0.6425 0.9503 0.6937
0.9384 0.7579 0.7344 0.6339 0.9479 0.6805
0.9383 0.7566 0.7253 0.6374 0.9471 0.6785
0.9371 0.7489 0.7191 0.6252 0.9458 0.6688
0.9378 0.7511 0.7270 0.6224 0.9465 0.6706
0.9390 0.7625 0.7371 0.6413 0.9486 0.6859
0.9397 0.7657 0.7180 0.6620 0.9477 0.6889
0.9500 0.7850 0.7646 0.6627 0.9526 0.7100
0.9531 0.8002 0.7717 0.6665 0.9536 0.7153
0.9571 0.8074 0.7895 0.6700 0.9555 0.7249
0.9560 0.8049 0.7728 0.6725 0.9540 0.7192
0.9348 0.7558 0.7953 0.5905 0.9509 0.6777
0.8177 0.3651 0.3336 0.5548 0.8640 0.4167
0.7186 0.3317 0.2919 0.3882 0.8640 0.3332
0.7591 0.3815 0.4701 0.3540 0.9085 0.4039
0.8087 0.5689 0.6412 0.4800 0.9310 0.5490
0.9102 0.5953 0.5307 0.6102 0.9186 0.5677
0.9345 0.7515 0.7659 0.6087 0.9495 0.6783
0.9385 0.7657 0.7677 0.6255 0.9507 0.6893
0.9403 0.7667 0.7456 0.6341 0.9490 0.6854
0.9406 0.7672 0.7441 0.6359 0.9490 0.6857
0.9425 0.7701 0.7577 0.6300 0.9500 0.6880
0.9362 0.7341 0.7047 0.6067 0.9433 0.6521
0.9390 0.7611 0.7476 0.6229 0.9486 0.6796
0.9399 0.7656 0.7527 0.6279 0.9494 0.6847
0.9342 0.7548 0.7503 0.6171 0.9485 0.6772
0.8487 0.5544 0.5813 0.5028 0.9248 0.5392
0.7203 0.3678 0.3134 0.3595 0.8750 0.3349
0.7634 0.4733 0.6719 0.3415 0.9278 0.4528
0.8074 0.5912 0.6881 0.4851 0.9357 0.5690
0.9398 0.7754 0.7699 0.6404 0.9518 0.6992
0.9350 0.7576 0.7596 0.6172 0.9494 0.6811
0.9362 0.7609 0.8014 0.5951 0.9517 0.6830
0.9373 0.7566 0.7463 0.6158 0.9480 0.6748
0.9372 0.7554 0.7273 0.6266 0.9468 0.6732
0.9363 0.7481 0.7407 0.6057 0.9469 0.6664
0.9369 0.7503 0.7501 0.6035 0.9477 0.6689
0.9378 0.7604 0.7750 0.6054 0.9501 0.6798
0.9383 0.7632 0.7725 0.6127 0.9503 0.6834
0.9482 0.7820 0.7445 0.6737 0.9512 0.7074
0.9510 0.7980 0.7569 0.6763 0.9527 0.7143
0.9577 0.8094 0.8071 0.6583 0.9563 0.7251
0.9559 0.8042 0.7987 0.6521 0.9552 0.7180
0.9364 0.7584 0.7526 0.6213 0.9490 0.6807
0.8204 0.3638 0.3403 0.5497 0.8673 0.4204
0.7117 0.3212 0.2783 0.3985 0.8569 0.3277
0.7559 0.3811 0.4704 0.3488 0.9086 0.4006
0.8130 0.5716 0.6578 0.4720 0.9323 0.5496
0.9113 0.5974 0.5426 0.6020 0.9208 0.5708
0.9356 0.7515 0.7296 0.6293 0.9471 0.6757
0.9397 0.7662 0.7611 0.6277 0.9502 0.6880
0.9411 0.7648 0.7281 0.6392 0.9475 0.6807
0.9414 0.7654 0.7313 0.6373 0.9478 0.6811
0.9431 0.7682 0.7303 0.6420 0.9479 0.6833
0.9374 0.7331 0.6831 0.6254 0.9418 0.6529
0.9394 0.7590 0.7413 0.6216 0.9479 0.6761
0.9409 0.7651 0.7570 0.6216 0.9494 0.6826
0.9357 0.7569 0.7494 0.6238 0.9488 0.6809
0.8534 0.5605 0.6135 0.4914 0.9284 0.5457
0.7110 0.3557 0.2703 0.4003 0.8529 0.3227
0.7601 0.4715 0.6472 0.3446 0.9262 0.4497
0.8115 0.5943 0.6698 0.4945 0.9344 0.5690
0.9407 0.7754 0.7790 0.6318 0.9521 0.6977
0.9363 0.7594 0.7613 0.6198 0.9497 0.6833
0.9376 0.7621 0.7557 0.6252 0.9495 0.6842
0.9379 0.7545 0.7309 0.6226 0.9469 0.6724
0.9378 0.7533 0.7259 0.6244 0.9465 0.6714
0.9366 0.7457 0.7052 0.6262 0.9444 0.6634
0.9373 0.7480 0.7112 0.6262 0.9450 0.6660
0.9385 0.7592 0.7300 0.6308 0.9473 0.6768
0.9392 0.7626 0.7119 0.6513 0.9464 0.6802
0.9474 0.7792 0.7521 0.6646 0.9515 0.7056
0.9512 0.7951 0.7497 0.6717 0.9516 0.7085
0.9571 0.8054 0.7882 0.6664 0.9551 0.7222
0.9562 0.8036 0.7905 0.6547 0.9546 0.7162
