0.9360 0.7583 0.7918 0.5965 0.9510 0.6804
0.8175 0.3653 0.3383 0.5536 0.8662 0.4200
0.7167 0.3286 0.2988 0.3858 0.8670 0.3367
0.7542 0.3755 0.4642 0.3533 0.9077 0.4012
0.8176 0.5748 0.6369 0.4911 0.9310 0.5546
0.9118 0.6025 0.5453 0.6092 0.9213 0.5755
0.9359 0.7533 0.7565 0.6096 0.9487 0.6752
0.9396 0.7680 0.7886 0.6087 0.9515 0.6871
0.9410 0.7657 0.7774 0.6070 0.9504 0.6817
0.9413 0.7662 0.7774 0.6075 0.9504 0.6820
0.9430 0.7691 0.7741 0.6132 0.9505 0.6843
0.9379 0.7353 0.6741 0.6325 0.9411 0.6526
0.9394 0.7599 0.7517 0.6149 0.9485 0.6764
0.9407 0.7655 0.7611 0.6188 0.9496 0.6826
0.9353 0.7565 0.7809 0.6024 0.9504 0.6801
0.8510 0.5622 0.6031 0.4993 0.9274 0.5463
0.7165 0.3626 0.3038 0.3714 0.8705 0.3343
0.7574 0.4686 0.6378 0.3496 0.9257 0.4517
0.8165 0.5982 0.7021 0.4845 0.9369 0.5733
0.9404 0.7770 0.7517 0.6510 0.9506 0.6977
0.9362 0.7597 0.7781 0.6079 0.9505 0.6825
0.9372 0.7626 0.7811 0.6096 0.9509 0.6848
0.9378 0.7553 0.7370 0.6172 0.9472 0.6718
0.9376 0.7540 0.7376 0.6143 0.9471 0.6703
0.9366 0.7464 0.7003 0.6309 0.9441 0.6638
0.9373 0.7489 0.6971 0.6375 0.9440 0.6660
0.9384 0.7597 0.7531 0.6150 0.9487 0.6771
0.9389 0.7630 0.7535 0.6207 0.9490 0.6807
0.9479 0.7812 0.7716 0.6500 0.9525 0.7056
0.9506 0.7962 0.7640 0.6670 0.9528 0.7122
0.9573 0.8062 0.7977 0.6537 0.9552 0.7185
0.9558 0.8036 0.7427 0.6889 0.9519 0.7148
0.9354 0.7562 0.7556 0.6206 0.9492 0.6815
0.8182 0.3592 0.3326 0.5502 0.8640 0.4146
0.7092 0.3182 0.2716 0.3990 0.8537 0.3232
0.7592 0.3736 0.4686 0.3452 0.9084 0.3975
0.8089 0.5659 0.6210 0.4945 0.9293 0.5506
0.9113 0.5963 0.5672 0.5711 0.9243 0.5691
0.9351 0.7505 0.7278 0.6292 0.9470 0.6749
0.9387 0.7644 0.7570 0.6344 0.9502 0.6903
0.9408 0.7651 0.7433 0.6337 0.9488 0.6841
0.9411 0.7655 0.7412 0.6358 0.9487 0.6844
0.9428 0.7678 0.7427 0.6377 0.9490 0.6862
0.9362 0.7313 0.6793 0.6232 0.9413 0.6500
0.9391 0.7587 0.7275 0.6365 0.9473 0.6790
0.9403 0.7636 0.7264 0.6446 0.9476 0.6831
0.9348 0.7546 0.7797 0.6015 0.9502 0.6791
0.8496 0.5532 0.5623 0.5176 0.9225 0.5390
0.7085 0.3532 0.2833 0.3723 0.8626 0.3218
0.7640 0.4694 0.6959 0.3344 0.9290 0.4517
0.8076 0.5895 0.7192 0.4731 0.9377 0.5708
0.9404 0.7743 0.7583 0.6408 0.9507 0.6946
0.9358 0.7578 0.7692 0.6146 0.9501 0.6832
0.9366 0.7601 0.7574 0.6283 0.9499 0.6868
0.9376 0.7544 0.7264 0.6321 0.9470 0.6759
0.9375 0.7530 0.7322 0.6244 0.9471 0.6740
0.9363 0.7449 0.7227 0.6202 0.9459 0.6676
0.9369 0.7474 0.7240 0.6226 0.9462 0.6695
0.9381 0.7585 0.7141 0.6478 0.9465 0.6793
0.9386 0.7612 0.7225 0.6457 0.9473 0.6820
0.9479 0.7789 0.7488 0.6613 0.9509 0.7023
0.9506 0.7926 0.7621 0.6589 0.9521 0.7068
0.9571 0.8070 0.7798 0.6735 0.9548 0.7228
0.9561 0.8045 0.7866 0.6604 0.9546 0.7180
0.9374 0.7632 0.7559 0.6240 0.9495 0.6837
0.8178 0.3648 0.3395 0.5341 0.8683 0.4151
0.7156 0.3313 0.2643 0.4455 0.8429 0.3317
0.7559 0.3757 0.4439 0.3564 0.9046 0.3954
0.8140 0.5793 0.6582 0.4802 0.9327 0.5553
0.9137 0.6012 0.5500 0.6093 0.9222 0.5782
0.9370 0.7581 0.7360 0.6334 0.9480 0.6809
0.9405 0.7721 0.7720 0.6327 0.9515 0.6954
0.9419 0.7728 0.7416 0.6499 0.9495 0.6927
0.9422 0.7734 0.7452 0.6478 0.9498 0.6931
0.9441 0.7766 0.7515 0.6460 0.9503 0.6948
0.9390 0.7435 0.7110 0.6203 0.9447 0.6626
0.9404 0.7671 0.7479 0.6343 0.9493 0.6865
0.9420 0.7735 0.7865 0.6202 0.9520 0.6935
0.9367 0.7619 0.7448 0.6291 0.9487 0.6821
0.8508 0.5629 0.5758 0.5130 0.9243 0.5426
0.7159 0.3654 0.2768 0.4045 0.8554 0.3287
0.7610 0.4674 0.6568 0.3395 0.9267 0.4477
0.8126 0.5988 0.7118 0.4787 0.9374 0.5724
0.9430 0.7836 0.7797 0.6431 0.9529 0.7048
0.9375 0.7645 0.7480 0.6330 0.9492 0.6857
0.9384 0.7682 0.7552 0.6390 0.9503 0.6923
0.9390 0.7634 0.7616 0.6216 0.9499 0.6845
0.9389 0.7623 0.7616 0.6192 0.9497 0.6831
0.9379 0.7555 0.7652 0.6073 0.9493 0.6772
0.9385 0.7577 0.7432 0.6249 0.9483 0.6790
0.9395 0.7674 0.7476 0.6354 0.9493 0.6870
0.9402 0.7704 0.7368 0.6510 0.9491 0.6912
0.9480 0.7827 0.7566 0.6685 0.9522 0.7098
0.9506 0.7988 0.7851 0.6635 0.9547 0.7192
0.9582 0.8133 0.7871 0.6780 0.9558 0.7284
0.9564 0.8077 0.7786 0.6716 0.9545 0.7212
0.9369 0.7595 0.7832 0.6093 0.9510 0.6854
0.8210 0.3595 0.3414 0.5459 0.8681 0.4201
0.7161 0.3320 0.2904 0.3917 0.8630 0.3336
0.7559 0.3764 0.4458 0.3559 0.9049 0.3958
0.8139 0.5713 0.6738 0.4651 0.9335 0.5503
0.9119 0.5996 0.5635 0.5801 0.9239 0.5717
0.9366 0.7543 0.7466 0.6224 0.9485 0.6789
0.9408 0.7688 0.7640 0.6321 0.9507 0.6918
0.9420 0.7669 0.7361 0.6414 0.9485 0.6855
0.9422 0.7675 0.7405 0.6384 0.9488 0.6857
0.9439 0.7704 0.7675 0.6234 0.9505 0.6880
0.9383 0.7376 0.7111 0.6120 0.9443 0.6578
0.9404 0.7614 0.7645 0.6141 0.9497 0.6811
0.9419 0.7668 0.7600 0.6270 0.9500 0.6871
0.9364 0.7579 0.7812 0.6063 0.9507 0.6827
0.8546 0.5576 0.5916 0.5047 0.9262 0.5447
0.7150 0.3651 0.2823 0.3959 0.8590 0.3296
0.7603 0.4676 0.6497 0.3412 0.9262 0.4474
0.8131 0.5954 0.7197 0.4785 0.9380 0.5748
0.9415 0.7770 0.7602 0.6485 0.9513 0.6999
0.9372 0.7606 0.7778 0.6134 0.9508 0.6859
0.9383 0.7638 0.7409 0.6425 0.9490 0.6882
0.9389 0.7570 0.7487 0.6178 0.9484 0.6770
0.9388 0.7558 0.7413 0.6203 0.9478 0.6754
0.9377 0.7487 0.7494 0.6049 0.9477 0.6694
0.9384 0.7510 0.7505 0.6066 0.9479 0.6710
0.9395 0.7612 0.7681 0.6146 0.9500 0.6828
0.9402 0.7646 0.7590 0.6258 0.9499 0.6860
0.9490 0.7806 0.7655 0.6513 0.9520 0.7038
0.9520 0.7964 0.7891 0.6472 0.9540 0.7111
0.9567 0.8070 0.7890 0.6632 0.9550 0.7207
0.9560 0.8044 0.7529 0.6826 0.9526 0.7160
0.9356 0.7600 0.7544 0.6315 0.9498 0.6875
0.8203 0.3673 0.3400 0.5563 0.8667 0.4221
0.7146 0.3340 0.2935 0.3869 0.8648 0.3338
0.7553 0.3823 0.4764 0.3501 0.9094 0.4036
0.8055 0.5664 0.6786 0.4574 0.9335 0.5464
0.9102 0.5965 0.5636 0.5750 0.9238 0.5693
0.9351 0.7530 0.7584 0.6120 0.9490 0.6774
0.9390 0.7679 0.7644 0.6328 0.9508 0.6924
0.9398 0.7659 0.7503 0.6306 0.9493 0.6853
0.9401 0.7663 0.7571 0.6265 0.9497 0.6856
0.9419 0.7689 0.7539 0.6314 0.9497 0.6872
0.9348 0.7307 0.7250 0.5917 0.9446 0.6516
0.9386 0.7605 0.7534 0.6211 0.9490 0.6809
0.9395 0.7651 0.7727 0.6170 0.9506 0.6861
0.9350 0.7589 0.7760 0.6154 0.9508 0.6864
0.8506 0.5635 0.6053 0.5033 0.9278 0.5496
0.7144 0.3675 0.2990 0.3759 0.8682 0.3331
0.7608 0.4755 0.6648 0.3484 0.9276 0.4572
0.8039 0.5883 0.7291 0.4664 0.9381 0.5689
0.9393 0.7746 0.7880 0.6281 0.9527 0.6990
0.9357 0.7611 0.7615 0.6305 0.9504 0.6898
0.9368 0.7646 0.7898 0.6150 0.9520 0.6915
0.9366 0.7555 0.7520 0.6143 0.9485 0.6762
0.9365 0.7541 0.7474 0.6156 0.9481 0.6751
0.9352 0.7461 0.7482 0.6023 0.9475 0.6674
0.9359 0.7484 0.7465 0.6065 0.9475 0.6693
0.9375 0.7604 0.7481 0.6262 0.9488 0.6817
0.9382 0.7638 0.7448 0.6355 0.9490 0.6858
0.9467 0.7819 0.7678 0.6558 0.9525 0.7074
0.9507 0.7951 0.7728 0.6607 0.9533 0.7124
0.9558 0.8037 0.7584 0.6897 0.9536 0.7224
0.9548 0.8042 0.7838 0.6662 0.9547 0.7203
