0.9363 0.7585 0.7473 0.6243 0.9486 0.6803
0.8193 0.3648 0.3373 0.5498 0.8660 0.4181
0.7140 0.3282 0.2784 0.4098 0.8554 0.3315
0.7528 0.3713 0.4888 0.3315 0.9111 0.3951
0.8134 0.5706 0.6494 0.4797 0.9318 0.5518
0.9136 0.6013 0.5511 0.6015 0.9222 0.5752
0.9364 0.7551 0.7696 0.6038 0.9495 0.6767
0.9399 0.7681 0.7882 0.6107 0.9516 0.6882
0.9416 0.7689 0.7423 0.6392 0.9490 0.6869
0.9418 0.7695 0.7426 0.6390 0.9490 0.6870
0.9436 0.7725 0.7789 0.6163 0.9511 0.6881
0.9378 0.7405 0.7233 0.6046 0.9451 0.6586
0.9400 0.7629 0.7111 0.6552 0.9465 0.6820
0.9414 0.7688 0.7651 0.6239 0.9503 0.6873
0.9358 0.7569 0.7627 0.6116 0.9493 0.6788
0.8507 0.5589 0.6020 0.4998 0.9273 0.5462
0.7135 0.3631 0.2940 0.3688 0.8672 0.3271
0.7580 0.4658 0.6651 0.3367 0.9271 0.4470
0.8118 0.5925 0.7411 0.4606 0.9387 0.5681
0.9412 0.7788 0.7919 0.6308 0.9532 0.7022
0.9367 0.7602 0.7393 0.6341 0.9484 0.6827
0.9377 0.7633 0.7912 0.6045 0.9514 0.6853
0.9386 0.7591 0.7556 0.6140 0.9488 0.6775
0.9384 0.7580 0.7318 0.6282 0.9473 0.6761
0.9373 0.7509 0.7624 0.5953 0.9483 0.6686
0.9380 0.7533 0.7416 0.6125 0.9474 0.6709
0.9391 0.7629 0.7276 0.6432 0.9477 0.6828
0.9396 0.7657 0.7478 0.6323 0.9491 0.6852
0.9484 0.7842 0.7753 0.6498 0.9529 0.7070
0.9511 0.7997 0.7760 0.6665 0.9540 0.7171
0.9573 0.8139 0.7870 0.6767 0.9557 0.7277
0.9564 0.8109 0.7995 0.6629 0.9559 0.7248
0.9329 0.7527 0.7425 0.6270 0.9483 0.6799
0.8206 0.3664 0.3404 0.5541 0.8670 0.4217
0.7145 0.3302 0.3004 0.3704 0.8694 0.3318
0.7518 0.3753 0.4679 0.3431 0.9084 0.3959
0.8102 0.5649 0.6494 0.4706 0.9314 0.5457
0.9119 0.5958 0.5553 0.5830 0.9226 0.5688
0.9333 0.7475 0.7276 0.6266 0.9468 0.6733
0.9371 0.7627 0.7415 0.6421 0.9491 0.6883
0.9384 0.7632 0.7717 0.6120 0.9502 0.6826
0.9387 0.7637 0.7750 0.6102 0.9504 0.6828
0.9407 0.7666 0.7879 0.6061 0.9512 0.6852
0.9360 0.7335 0.7197 0.5956 0.9443 0.6518
0.9369 0.7575 0.7732 0.6042 0.9498 0.6783
0.9383 0.7628 0.7334 0.6383 0.9480 0.6826
0.9322 0.7511 0.7747 0.6017 0.9498 0.6773
0.8507 0.5599 0.6169 0.4885 0.9287 0.5452
0.7154 0.3649 0.2795 0.3989 0.8574 0.3287
0.7559 0.4663 0.6488 0.3436 0.9263 0.4492
0.8084 0.5870 0.7082 0.4742 0.9369 0.5680
0.9385 0.7707 0.7432 0.6521 0.9498 0.6947
0.9332 0.7541 0.7367 0.6325 0.9480 0.6806
0.9341 0.7574 0.7689 0.6161 0.9502 0.6841
0.9353 0.7533 0.7509 0.6121 0.9483 0.6744
0.9352 0.7522 0.7604 0.6043 0.9487 0.6734
0.9344 0.7451 0.7424 0.6047 0.9470 0.6665
0.9350 0.7474 0.7376 0.6102 0.9469 0.6679
0.9357 0.7572 0.7598 0.6136 0.9492 0.6789
0.9364 0.7600 0.7513 0.6241 0.9490 0.6818
0.9468 0.7766 0.7429 0.6636 0.9505 0.7010
0.9492 0.7931 0.7925 0.6414 0.9539 0.7090
0.9576 0.8070 0.7962 0.6618 0.9556 0.7228
0.9556 0.8018 0.7823 0.6595 0.9541 0.7157
0.9353 0.7577 0.7740 0.6025 0.9498 0.6776
0.8222 0.3639 0.3356 0.5559 0.8648 0.4186
0.7138 0.3238 0.3020 0.3541 0.8718 0.3259
0.7566 0.3803 0.4869 0.3430 0.9109 0.4025
0.8167 0.5789 0.6516 0.4834 0.9322 0.5551
0.9102 0.5989 0.5518 0.5948 0.9223 0.5725
0.9349 0.7519 0.7694 0.6034 0.9495 0.6764
0.9385 0.7648 0.7307 0.6449 0.9481 0.6851
0.9404 0.7656 0.7317 0.6423 0.9481 0.6841
0.9407 0.7661 0.7378 0.6383 0.9485 0.6845
0.9425 0.7690 0.7357 0.6447 0.9486 0.6872
0.9364 0.7309 0.6706 0.6278 0.9404 0.6485
0.9390 0.7597 0.7054 0.6525 0.9457 0.6779
0.9401 0.7643 0.7328 0.6389 0.9480 0.6826
0.9346 0.7560 0.7323 0.6266 0.9473 0.6754
0.8532 0.5606 0.5697 0.5181 0.9236 0.5427
0.7132 0.3563 0.2723 0.3925 0.8550 0.3216
0.7618 0.4746 0.6273 0.3562 0.9251 0.4544
0.8159 0.6029 0.6841 0.5010 0.9361 0.5784
0.9396 0.7754 0.7741 0.6310 0.9516 0.6953
0.9354 0.7586 0.7614 0.6148 0.9494 0.6803
0.9365 0.7612 0.7593 0.6221 0.9497 0.6839
0.9373 0.7549 0.7093 0.6438 0.9457 0.6750
0.9371 0.7536 0.7123 0.6395 0.9458 0.6739
0.9360 0.7457 0.7155 0.6239 0.9454 0.6666
0.9367 0.7479 0.7204 0.6223 0.9458 0.6678
0.9378 0.7594 0.6966 0.6609 0.9451 0.6783
0.9385 0.7626 0.7547 0.6222 0.9492 0.6820
0.9486 0.7848 0.7549 0.6670 0.9519 0.7083
0.9528 0.7995 0.7735 0.6688 0.9539 0.7173
0.9567 0.8027 0.8197 0.6448 0.9565 0.7218
0.9557 0.8052 0.7610 0.6802 0.9533 0.7183
0.9380 0.7616 0.7450 0.6317 0.9488 0.6837
0.8186 0.3591 0.3381 0.5435 0.8669 0.4169
0.7139 0.3237 0.2759 0.4114 0.8540 0.3303
0.7568 0.3787 0.4855 0.3377 0.9107 0.3983
0.8068 0.5668 0.6718 0.4619 0.9332 0.5474
0.9118 0.5986 0.5438 0.5994 0.9209 0.5703
0.9373 0.7553 0.7422 0.6222 0.9480 0.6769
0.9412 0.7706 0.7845 0.6200 0.9518 0.6926
0.9420 0.7666 0.7551 0.6268 0.9495 0.6850
0.9423 0.7671 0.7327 0.6434 0.9482 0.6852
0.9439 0.7697 0.7345 0.6468 0.9486 0.6879
0.9369 0.7315 0.7141 0.5935 0.9436 0.6482
0.9404 0.7612 0.7510 0.6219 0.9489 0.6804
0.9417 0.7659 0.7433 0.6343 0.9488 0.6845
0.9374 0.7604 0.7977 0.5981 0.9515 0.6836
0.8522 0.5531 0.5769 0.5133 0.9244 0.5432
0.7136 0.3589 0.2912 0.3787 0.8649 0.3292
0.7613 0.4711 0.6390 0.3497 0.9258 0.4520
0.8055 0.5887 0.7237 0.4659 0.9377 0.5669
0.9423 0.7790 0.8034 0.6197 0.9534 0.6997
0.9381 0.7628 0.7663 0.6201 0.9502 0.6855
0.9391 0.7662 0.7792 0.6187 0.9513 0.6897
0.9388 0.7560 0.7363 0.6254 0.9476 0.6763
0.9386 0.7546 0.7385 0.6213 0.9476 0.6749
0.9372 0.7467 0.7257 0.6161 0.9460 0.6664
0.9379 0.7489 0.7316 0.6148 0.9465 0.6681
0.9396 0.7611 0.7580 0.6183 0.9493 0.6810
0.9403 0.7647 0.7457 0.6328 0.9490 0.6846
0.9479 0.7799 0.7608 0.6597 0.9521 0.7067
0.9505 0.7938 0.7802 0.6533 0.9535 0.7111
0.9574 0.8084 0.8006 0.6581 0.9557 0.7224
0.9565 0.8064 0.8006 0.6552 0.9555 0.7206
0.9389 0.7659 0.7926 0.6113 0.9520 0.6902
0.8231 0.3707 0.3367 0.5623 0.8647 0.4212
0.7158 0.3371 0.2944 0.3922 0.8645 0.3363
0.7629 0.3814 0.4747 0.3527 0.9092 0.4047
0.8137 0.5760 0.6742 0.4675 0.9336 0.5521
0.9123 0.6010 0.5473 0.5957 0.9215 0.5705
0.9380 0.7583 0.7436 0.6273 0.9484 0.6805
0.9420 0.7727 0.7583 0.6413 0.9507 0.6949
0.9435 0.7727 0.7589 0.6322 0.9502 0.6898
0.9438 0.7732 0.7637 0.6302 0.9506 0.6905
0.9454 0.7762 0.7740 0.6271 0.9513 0.6929
0.9397 0.7421 0.7327 0.5987 0.9458 0.6590
0.9420 0.7671 0.7761 0.6142 0.9507 0.6857
0.9434 0.7726 0.7641 0.6294 0.9506 0.6902
0.9383 0.7643 0.7687 0.6231 0.9506 0.6883
0.8540 0.5658 0.6085 0.5034 0.9282 0.5510
0.7155 0.3701 0.2783 0.4226 0.8536 0.3356
0.7669 0.4734 0.6933 0.3378 0.9290 0.4543
0.8126 0.6001 0.7652 0.4616 0.9405 0.5758
0.9425 0.7807 0.7578 0.6510 0.9512 0.7003
0.9390 0.7665 0.7763 0.6213 0.9512 0.6902
0.9401 0.7694 0.7546 0.6420 0.9504 0.6938
0.9405 0.7627 0.7638 0.6163 0.9497 0.6822
0.9403 0.7615 0.7551 0.6190 0.9491 0.6803
0.9392 0.7546 0.7423 0.6157 0.9477 0.6731
0.9399 0.7568 0.7426 0.6187 0.9479 0.6750
0.9411 0.7668 0.7688 0.6198 0.9504 0.6863
0.9418 0.7702 0.7672 0.6260 0.9506 0.6894
0.9480 0.7806 0.7578 0.6684 0.9523 0.7103
0.9524 0.7996 0.7615 0.6756 0.9531 0.7160
0.9583 0.8133 0.7843 0.6753 0.9553 0.7257
0.9572 0.8081 0.7898 0.6618 0.9550 0.7202
