0.9355 0.7574 0.7663 0.6177 0.9501 0.6841
0.8195 0.3662 0.3345 0.5560 0.8643 0.4177
0.7179 0.3297 0.2623 0.4421 0.8423 0.3292
0.7545 0.3731 0.4666 0.3471 0.9081 0.3981
0.8102 0.5673 0.6411 0.4812 0.9310 0.5497
0.9120 0.5972 0.5553 0.5867 0.9227 0.5705
0.9356 0.7531 0.7258 0.6382 0.9472 0.6792
0.9394 0.7669 0.7657 0.6295 0.9507 0.6910
0.9408 0.7666 0.7389 0.6398 0.9487 0.6858
0.9411 0.7671 0.7497 0.6323 0.9493 0.6860
0.9429 0.7702 0.7555 0.6323 0.9499 0.6884
0.9377 0.7363 0.6958 0.6162 0.9428 0.6536
0.9393 0.7608 0.7625 0.6154 0.9496 0.6811
0.9407 0.7665 0.7607 0.6240 0.9499 0.6856
0.9349 0.7559 0.7801 0.6047 0.9505 0.6813
0.8504 0.5611 0.6093 0.4934 0.9280 0.5453
0.7177 0.3613 0.2999 0.3618 0.8702 0.3279
0.7604 0.4668 0.6508 0.3444 0.9264 0.4504
0.8086 0.5886 0.6825 0.4887 0.9353 0.5695
0.9395 0.7739 0.7669 0.6398 0.9515 0.6976
0.9358 0.7592 0.7905 0.6055 0.9514 0.6857
0.9369 0.7624 0.7460 0.6376 0.9493 0.6876
0.9378 0.7568 0.7245 0.6344 0.9469 0.6765
0.9377 0.7556 0.7140 0.6396 0.9460 0.6747
0.9367 0.7486 0.7478 0.6036 0.9475 0.6680
0.9374 0.7509 0.7413 0.6098 0.9472 0.6692
0.9382 0.7606 0.7269 0.6405 0.9475 0.6810
0.9389 0.7638 0.7375 0.6402 0.9486 0.6854
0.9473 0.7808 0.7473 0.6746 0.9516 0.7091
0.9510 0.7958 0.7845 0.6534 0.9540 0.7129
0.9574 0.8095 0.8043 0.6572 0.9560 0.7233
0.9562 0.8054 0.7969 0.6560 0.9553 0.7197
0.9372 0.7624 0.8146 0.5853 0.9520 0.6812
0.8178 0.3621 0.3412 0.5313 0.8692 0.4155
0.7111 0.3263 0.2854 0.3877 0.8615 0.3288
0.7607 0.3819 0.4722 0.3483 0.9089 0.4009
0.8143 0.5759 0.6766 0.4688 0.9339 0.5539
0.9117 0.5988 0.5514 0.6000 0.9223 0.5747
0.9368 0.7576 0.7630 0.6117 0.9494 0.6790
0.9407 0.7721 0.7624 0.6346 0.9507 0.6927
0.9421 0.7715 0.7261 0.6562 0.9482 0.6894
0.9424 0.7719 0.7259 0.6571 0.9483 0.6898
0.9441 0.7745 0.7090 0.6747 0.9473 0.6914
0.9379 0.7384 0.7387 0.5891 0.9458 0.6555
0.9405 0.7652 0.7261 0.6448 0.9476 0.6831
0.9419 0.7710 0.7489 0.6381 0.9496 0.6891
0.9365 0.7610 0.7870 0.5993 0.9507 0.6805
0.8479 0.5545 0.6029 0.4937 0.9272 0.5429
0.7109 0.3617 0.3136 0.3400 0.8771 0.3263
0.7653 0.4764 0.6564 0.3515 0.9271 0.4578
0.8131 0.6001 0.6619 0.5076 0.9342 0.5746
0.9415 0.7805 0.7919 0.6279 0.9530 0.7005
0.9374 0.7639 0.7743 0.6125 0.9505 0.6839
0.9384 0.7669 0.7327 0.6463 0.9484 0.6868
0.9390 0.7611 0.7358 0.6331 0.9480 0.6806
0.9389 0.7598 0.7254 0.6379 0.9472 0.6789
0.9376 0.7517 0.6962 0.6456 0.9443 0.6700
0.9384 0.7543 0.7002 0.6465 0.9448 0.6723
0.9396 0.7653 0.7179 0.6518 0.9471 0.6833
0.9402 0.7682 0.7251 0.6517 0.9479 0.6864
0.9498 0.7830 0.7437 0.6804 0.9515 0.7107
0.9524 0.8010 0.7771 0.6650 0.9540 0.7167
0.9576 0.8100 0.7835 0.6774 0.9554 0.7266
0.9567 0.8087 0.7769 0.6736 0.9545 0.7216
0.9357 0.7586 0.7732 0.6118 0.9503 0.6831
0.8216 0.3637 0.3428 0.5558 0.8678 0.4240
0.7173 0.3362 0.2977 0.3883 0.8663 0.3370
0.7542 0.3750 0.4884 0.3349 0.9111 0.3973
0.8103 0.5700 0.6495 0.4716 0.9315 0.5464
0.9111 0.5979 0.5412 0.6110 0.9206 0.5740
0.9352 0.7538 0.7558 0.6149 0.9489 0.6781
0.9389 0.7663 0.7490 0.6352 0.9494 0.6875
0.9407 0.7652 0.7630 0.6169 0.9497 0.6822
0.9411 0.7657 0.7631 0.6178 0.9498 0.6828
0.9429 0.7686 0.7714 0.6162 0.9504 0.6851
0.9372 0.7331 0.7059 0.6081 0.9435 0.6534
0.9394 0.7598 0.7287 0.6316 0.9472 0.6767
0.9405 0.7649 0.7388 0.6325 0.9483 0.6815
0.9350 0.7571 0.7451 0.6299 0.9487 0.6827
0.8548 0.5612 0.6117 0.4933 0.9282 0.5462
0.7172 0.3690 0.2818 0.4118 0.8567 0.3346
0.7581 0.4672 0.6253 0.3519 0.9248 0.4503
0.8090 0.5926 0.7171 0.4704 0.9374 0.5681
0.9400 0.7769 0.7484 0.6543 0.9505 0.6982
0.9358 0.7597 0.7639 0.6207 0.9500 0.6849
0.9367 0.7617 0.7846 0.6115 0.9513 0.6873
0.9377 0.7550 0.7483 0.6101 0.9479 0.6722
0.9376 0.7537 0.7442 0.6108 0.9476 0.6710
0.9366 0.7461 0.7337 0.6065 0.9463 0.6641
0.9372 0.7484 0.7401 0.6052 0.9468 0.6659
0.9382 0.7597 0.7356 0.6270 0.9476 0.6770
0.9389 0.7629 0.7616 0.6157 0.9495 0.6809
0.9483 0.7805 0.7508 0.6690 0.9516 0.7076
0.9499 0.7941 0.7820 0.6500 0.9535 0.7099
0.9568 0.8059 0.7911 0.6611 0.9551 0.7203
0.9552 0.8036 0.7953 0.6529 0.9549 0.7171
0.9377 0.7606 0.7587 0.6240 0.9497 0.6848
0.8203 0.3685 0.3338 0.5543 0.8642 0.4167
0.7150 0.3319 0.3334 0.3346 0.8832 0.3340
0.7534 0.3768 0.4716 0.3424 0.9089 0.3968
0.8155 0.5758 0.6753 0.4680 0.9337 0.5529
0.9127 0.5986 0.5520 0.5932 0.9223 0.5719
0.9373 0.7539 0.7445 0.6225 0.9483 0.6780
0.9413 0.7690 0.7657 0.6282 0.9506 0.6902
0.9427 0.7678 0.7416 0.6380 0.9489 0.6859
0.9430 0.7684 0.7420 0.6380 0.9489 0.6861
0.9446 0.7712 0.7409 0.6418 0.9490 0.6878
0.9385 0.7368 0.7033 0.6104 0.9434 0.6536
0.9411 0.7622 0.7329 0.6358 0.9478 0.6809
0.9426 0.7677 0.7346 0.6424 0.9484 0.6854
0.9372 0.7594 0.7650 0.6176 0.9499 0.6835
0.8516 0.5632 0.5712 0.5174 0.9238 0.5430
0.7157 0.3680 0.3070 0.3673 0.8721 0.3345
0.7583 0.4681 0.6885 0.3323 0.9284 0.4483
0.8145 0.5985 0.7071 0.4856 0.9374 0.5758
0.9431 0.7790 0.7761 0.6404 0.9524 0.7017
0.9380 0.7619 0.7766 0.6152 0.9508 0.6865
0.9392 0.7651 0.7637 0.6295 0.9505 0.6901
0.9396 0.7575 0.7359 0.6279 0.9477 0.6777
0.9395 0.7563 0.7404 0.6226 0.9479 0.6764
0.9383 0.7491 0.7340 0.6159 0.9468 0.6698
0.9390 0.7514 0.7252 0.6239 0.9464 0.6708
0.9402 0.7620 0.7524 0.6211 0.9490 0.6805
0.9409 0.7653 0.7506 0.6271 0.9491 0.6833
0.9497 0.7835 0.7667 0.6580 0.9525 0.7082
0.9512 0.7932 0.7437 0.6752 0.9512 0.7078
0.9579 0.8101 0.7640 0.6858 0.9540 0.7228
0.9568 0.8067 0.7961 0.6550 0.9551 0.7187
0.9348 0.7557 0.7637 0.6113 0.9494 0.6790
0.8192 0.3602 0.3364 0.5466 0.8659 0.4165
0.7095 0.3174 0.2983 0.3548 0.8705 0.3241
0.7567 0.3780 0.4427 0.3643 0.9042 0.3997
0.8090 0.5639 0.6949 0.4445 0.9343 0.5422
0.9101 0.5970 0.5845 0.5575 0.9266 0.5707
0.9345 0.7491 0.7711 0.5992 0.9494 0.6744
0.9380 0.7624 0.7568 0.6292 0.9499 0.6871
0.9393 0.7623 0.7411 0.6333 0.9485 0.6830
0.9396 0.7628 0.7408 0.6338 0.9485 0.6831
0.9414 0.7658 0.7564 0.6255 0.9496 0.6847
0.9352 0.7301 0.7300 0.5855 0.9448 0.6498
0.9376 0.7568 0.7443 0.6220 0.9482 0.6777
0.9389 0.7616 0.7627 0.6157 0.9496 0.6814
0.9342 0.7540 0.7513 0.6176 0.9486 0.6780
0.8513 0.5554 0.5957 0.4964 0.9264 0.5415
0.7085 0.3534 0.3023 0.3429 0.8732 0.3214
0.7609 0.4722 0.6490 0.3495 0.9265 0.4543
0.8083 0.5902 0.7294 0.4616 0.9379 0.5654
0.9397 0.7721 0.7784 0.6271 0.9517 0.6946
0.9350 0.7566 0.7549 0.6218 0.9492 0.6819
0.9358 0.7590 0.7583 0.6200 0.9494 0.6822
0.9360 0.7520 0.7440 0.6130 0.9477 0.6722
0.9359 0.7507 0.7418 0.6131 0.9475 0.6713
0.9347 0.7432 0.7234 0.6137 0.9457 0.6641
0.9354 0.7454 0.7298 0.6127 0.9462 0.6661
0.9367 0.7567 0.7208 0.6403 0.9468 0.6781
0.9374 0.7601 0.7382 0.6345 0.9483 0.6825
0.9483 0.7844 0.7732 0.6528 0.9529 0.7079
0.9497 0.7919 0.7673 0.6594 0.9527 0.7093
0.9568 0.8067 0.7679 0.6771 0.9538 0.7197
0.9554 0.8031 0.8193 0.6376 0.9560 0.7171
