0.9357 0.7566 0.7610 0.6178 0.9496 0.6820
0.8163 0.3563 0.3347 0.5453 0.8653 0.4148
0.7187 0.3336 0.2954 0.3932 0.8648 0.3373
0.7573 0.3820 0.4924 0.3387 0.9116 0.4013
0.8096 0.5677 0.6791 0.4549 0.9335 0.5448
0.9100 0.5952 0.5448 0.5932 0.9210 0.5680
0.9354 0.7511 0.7622 0.6085 0.9491 0.6767
0.9394 0.7653 0.7691 0.6265 0.9509 0.6905
0.9415 0.7674 0.7315 0.6476 0.9483 0.6870
0.9419 0.7679 0.7423 0.6395 0.9490 0.6871
0.9437 0.7709 0.7592 0.6314 0.9502 0.6894
0.9381 0.7383 0.7037 0.6146 0.9436 0.6561
0.9400 0.7617 0.7183 0.6471 0.9469 0.6808
0.9414 0.7675 0.7289 0.6507 0.9482 0.6876
0.9350 0.7550 0.7518 0.6232 0.9490 0.6815
0.8487 0.5516 0.5787 0.5094 0.9246 0.5418
0.7180 0.3668 0.2798 0.4090 0.8561 0.3323
0.7620 0.4714 0.6901 0.3369 0.9287 0.4527
0.8085 0.5896 0.6931 0.4767 0.9357 0.5649
0.9406 0.7759 0.7762 0.6372 0.9522 0.6999
0.9359 0.7583 0.7735 0.6149 0.9505 0.6851
0.9371 0.7616 0.7629 0.6298 0.9505 0.6900
0.9386 0.7578 0.7245 0.6361 0.9470 0.6774
0.9386 0.7567 0.7158 0.6402 0.9463 0.6759
0.9377 0.7497 0.7208 0.6266 0.9461 0.6704
0.9383 0.7521 0.7272 0.6252 0.9467 0.6723
0.9389 0.7613 0.7272 0.6414 0.9476 0.6816
0.9395 0.7644 0.7399 0.6376 0.9487 0.6849
0.9472 0.7756 0.7342 0.6718 0.9500 0.7016
0.9502 0.7949 0.7860 0.6533 0.9541 0.7135
0.9572 0.8087 0.7763 0.6799 0.9548 0.7249
0.9555 0.8032 0.7839 0.6618 0.9544 0.7177
0.9380 0.7652 0.7683 0.6243 0.9506 0.6889
0.8169 0.3668 0.3362 0.5466 0.8658 0.4163
0.7160 0.3284 0.2799 0.4176 0.8550 0.3351
0.7589 0.3757 0.4565 0.3580 0.9065 0.4013
0.8131 0.5748 0.6374 0.4886 0.9309 0.5531
0.9116 0.5996 0.5543 0.5904 0.9226 0.5717
0.9374 0.7593 0.7536 0.6275 0.9494 0.6848
0.9411 0.7740 0.7404 0.6601 0.9500 0.6980
0.9423 0.7722 0.7314 0.6565 0.9488 0.6919
0.9426 0.7728 0.7331 0.6556 0.9490 0.6922
0.9442 0.7758 0.7644 0.6366 0.9510 0.6947
0.9381 0.7392 0.7167 0.6091 0.9447 0.6585
0.9407 0.7665 0.7305 0.6481 0.9483 0.6868
0.9419 0.7717 0.7559 0.6370 0.9502 0.6914
0.9373 0.7638 0.7614 0.6267 0.9501 0.6875
0.8503 0.5615 0.6012 0.4994 0.9272 0.5456
0.7160 0.3642 0.3039 0.3723 0.8704 0.3346
0.7639 0.4707 0.7016 0.3359 0.9294 0.4543
0.8118 0.5961 0.6843 0.4941 0.9358 0.5739
0.9409 0.7813 0.7924 0.6346 0.9535 0.7048
0.9380 0.7665 0.7539 0.6393 0.9502 0.6918
0.9390 0.7696 0.7440 0.6525 0.9499 0.6953
0.9391 0.7617 0.7340 0.6364 0.9480 0.6817
0.9389 0.7604 0.7285 0.6380 0.9475 0.6803
0.9377 0.7528 0.7274 0.6258 0.9467 0.6728
0.9383 0.7551 0.7340 0.6241 0.9473 0.6746
0.9398 0.7664 0.7492 0.6350 0.9495 0.6874
0.9404 0.7697 0.7390 0.6506 0.9493 0.6920
0.9496 0.7889 0.7527 0.6809 0.9525 0.7150
0.9524 0.8030 0.8007 0.6552 0.9555 0.7207
0.9576 0.8129 0.7448 0.7133 0.9535 0.7287
0.9566 0.8115 0.7886 0.6705 0.9554 0.7248
0.9355 0.7577 0.7943 0.5998 0.9514 0.6835
0.8199 0.3637 0.3369 0.5559 0.8654 0.4195
0.7143 0.3328 0.2954 0.3637 0.8684 0.3260
0.7563 0.3735 0.4635 0.3387 0.9078 0.3914
0.8133 0.5695 0.6633 0.4639 0.9325 0.5459
0.9139 0.5995 0.5622 0.5920 0.9239 0.5767
0.9357 0.7541 0.7469 0.6205 0.9484 0.6779
0.9392 0.7672 0.7519 0.6361 0.9498 0.6892
0.9398 0.7622 0.7350 0.6302 0.9477 0.6786
0.9401 0.7628 0.7356 0.6301 0.9478 0.6788
0.9418 0.7655 0.7732 0.6079 0.9501 0.6806
0.9359 0.7289 0.6971 0.6035 0.9423 0.6470
0.9384 0.7566 0.7489 0.6122 0.9481 0.6737
0.9396 0.7620 0.7661 0.6091 0.9495 0.6786
0.9348 0.7558 0.7827 0.6034 0.9506 0.6815
0.8520 0.5611 0.5817 0.5080 0.9250 0.5424
0.7133 0.3625 0.2624 0.4262 0.8449 0.3248
0.7607 0.4677 0.6839 0.3320 0.9281 0.4470
0.8120 0.5934 0.7033 0.4764 0.9366 0.5680
0.9405 0.7743 0.7453 0.6510 0.9500 0.6949
0.9358 0.7589 0.7604 0.6217 0.9497 0.6841
0.9365 0.7611 0.7583 0.6238 0.9497 0.6845
0.9366 0.7519 0.7168 0.6255 0.9456 0.6680
0.9365 0.7506 0.7725 0.5872 0.9487 0.6672
0.9352 0.7427 0.7387 0.5986 0.9463 0.6613
0.9360 0.7450 0.7312 0.6061 0.9460 0.6628
0.9373 0.7569 0.7460 0.6165 0.9481 0.6751
0.9380 0.7604 0.7508 0.6202 0.9487 0.6793
0.9471 0.7766 0.7549 0.6618 0.9516 0.7053
0.9491 0.7923 0.7766 0.6499 0.9530 0.7076
0.9562 0.7981 0.7704 0.6733 0.9538 0.7186
0.9549 0.8007 0.7626 0.6690 0.9528 0.7128
0.9340 0.7493 0.7370 0.6170 0.9472 0.6717
0.8201 0.3649 0.3345 0.5515 0.8647 0.4164
0.7089 0.3217 0.3037 0.3611 0.8716 0.3299
0.7554 0.3773 0.4545 0.3541 0.9063 0.3980
0.8147 0.5685 0.6402 0.4815 0.9309 0.5496
0.9122 0.5954 0.5582 0.5777 0.9230 0.5678
0.9335 0.7435 0.7227 0.6187 0.9459 0.6667
0.9374 0.7579 0.7823 0.5993 0.9503 0.6787
0.9394 0.7605 0.7345 0.6382 0.9481 0.6830
0.9397 0.7610 0.7385 0.6364 0.9485 0.6837
0.9414 0.7636 0.7468 0.6330 0.9491 0.6852
0.9360 0.7328 0.7155 0.5997 0.9441 0.6525
0.9377 0.7539 0.7142 0.6410 0.9461 0.6756
0.9390 0.7593 0.7427 0.6293 0.9485 0.6813
0.9334 0.7477 0.7375 0.6135 0.9471 0.6698
0.8518 0.5591 0.6123 0.4869 0.9281 0.5425
0.7079 0.3581 0.2878 0.3807 0.8633 0.3278
0.7599 0.4669 0.6719 0.3366 0.9275 0.4485
0.8138 0.5922 0.6484 0.5041 0.9327 0.5672
0.9389 0.7689 0.7374 0.6474 0.9490 0.6895
0.9343 0.7512 0.7519 0.6105 0.9483 0.6739
0.9352 0.7538 0.7400 0.6248 0.9480 0.6776
0.9362 0.7498 0.7295 0.6264 0.9470 0.6740
0.9361 0.7486 0.7300 0.6238 0.9469 0.6727
0.9349 0.7413 0.7015 0.6314 0.9442 0.6646
0.9357 0.7439 0.7217 0.6203 0.9458 0.6672
0.9366 0.7533 0.7074 0.6467 0.9457 0.6757
0.9373 0.7559 0.7338 0.6297 0.9476 0.6778
0.9462 0.7768 0.7602 0.6554 0.9517 0.7039
0.9499 0.7884 0.7701 0.6502 0.9524 0.7051
0.9554 0.7994 0.7581 0.6818 0.9531 0.7179
0.9544 0.7995 0.7928 0.6508 0.9545 0.7148
0.9366 0.7638 0.7512 0.6353 0.9497 0.6884
0.8200 0.3634 0.3544 0.5152 0.8754 0.4199
0.7127 0.3266 0.2710 0.4189 0.8505 0.3291
0.7522 0.3775 0.5018 0.3353 0.9127 0.4020
0.8080 0.5729 0.6756 0.4738 0.9340 0.5570
0.9110 0.5993 0.5558 0.5879 0.9228 0.5714
0.9362 0.7578 0.7540 0.6222 0.9492 0.6818
0.9399 0.7719 0.7835 0.6247 0.9520 0.6952
0.9413 0.7692 0.7505 0.6376 0.9497 0.6894
0.9416 0.7697 0.7532 0.6363 0.9499 0.6898
0.9434 0.7724 0.7542 0.6396 0.9502 0.6922
0.9368 0.7336 0.7007 0.6146 0.9433 0.6548
0.9398 0.7640 0.7302 0.6458 0.9481 0.6855
0.9409 0.7686 0.7445 0.6430 0.9494 0.6900
0.9361 0.7624 0.7583 0.6272 0.9499 0.6866
0.8527 0.5605 0.5990 0.5061 0.9271 0.5486
0.7145 0.3611 0.2572 0.4467 0.8386 0.3264
0.7556 0.4721 0.6530 0.3529 0.9270 0.4582
0.8069 0.5971 0.7163 0.4881 0.9383 0.5806
0.9415 0.7804 0.7767 0.6392 0.9523 0.7013
0.9369 0.7654 0.7566 0.6341 0.9501 0.6900
0.9379 0.7681 0.7596 0.6368 0.9506 0.6928
0.9381 0.7588 0.7366 0.6324 0.9480 0.6805
0.9379 0.7575 0.7315 0.6345 0.9476 0.6796
0.9368 0.7495 0.7146 0.6347 0.9458 0.6723
0.9374 0.7516 0.7230 0.6306 0.9465 0.6737
0.9387 0.7640 0.7293 0.6476 0.9481 0.6860
0.9394 0.7675 0.7409 0.6436 0.9491 0.6888
0.9492 0.7853 0.7653 0.6633 0.9527 0.7107
0.9514 0.7980 0.7672 0.6675 0.9532 0.7139
0.9573 0.8092 0.8232 0.6463 0.9569 0.7241
0.9566 0.8086 0.7655 0.6856 0.9541 0.7233
