0.9363 0.7615 0.7762 0.6183 0.9510 0.6883
0.8185 0.3602 0.3355 0.5500 0.8653 0.4168
0.7153 0.3368 0.2889 0.3990 0.8614 0.3351
0.7606 0.3832 0.5051 0.3393 0.9131 0.4059
0.8099 0.5655 0.6774 0.4620 0.9337 0.5493
0.9113 0.5967 0.5377 0.6093 0.9200 0.5713
0.9362 0.7564 0.7637 0.6162 0.9497 0.6821
0.9399 0.7704 0.7765 0.6295 0.9517 0.6953
0.9413 0.7685 0.7595 0.6268 0.9500 0.6868
0.9416 0.7690 0.7687 0.6213 0.9505 0.6872
0.9434 0.7722 0.7728 0.6205 0.9508 0.6884
0.9384 0.7379 0.7011 0.6126 0.9432 0.6539
0.9399 0.7630 0.7336 0.6348 0.9479 0.6806
0.9413 0.7683 0.7344 0.6421 0.9484 0.6852
0.9356 0.7597 0.7871 0.6083 0.9513 0.6862
0.8505 0.5579 0.6114 0.4899 0.9281 0.5440
0.7153 0.3700 0.3267 0.3411 0.8808 0.3337
0.7652 0.4771 0.6924 0.3419 0.9291 0.4578
0.8092 0.5907 0.6972 0.4804 0.9363 0.5689
0.9407 0.7771 0.7669 0.6472 0.9519 0.7020
0.9366 0.7626 0.7881 0.6099 0.9515 0.6877
0.9375 0.7654 0.7620 0.6315 0.9505 0.6906
0.9383 0.7585 0.7489 0.6178 0.9484 0.6771
0.9383 0.7573 0.7498 0.6154 0.9484 0.6760
0.9373 0.7503 0.7194 0.6267 0.9459 0.6699
0.9380 0.7526 0.7433 0.6124 0.9476 0.6715
0.9388 0.7627 0.7413 0.6300 0.9484 0.6811
0.9395 0.7661 0.7346 0.6420 0.9484 0.6852
0.9473 0.7807 0.7226 0.6878 0.9496 0.7048
0.9519 0.7983 0.7814 0.6589 0.9540 0.7149
0.9574 0.8102 0.7759 0.6844 0.9551 0.7273
0.9565 0.8060 0.7757 0.6701 0.9542 0.7191
