0.9372 0.7620 0.7709 0.6156 0.9503 0.6846
0.8222 0.3662 0.3439 0.5473 0.8690 0.4224
0.7142 0.3216 0.2776 0.4024 0.8560 0.3286
0.7550 0.3768 0.4545 0.3560 0.9062 0.3993
0.8120 0.5720 0.6812 0.4618 0.9340 0.5505
0.9118 0.5952 0.5631 0.5803 0.9239 0.5716
0.9363 0.7539 0.7539 0.6157 0.9488 0.6778
0.9407 0.7713 0.7507 0.6444 0.9501 0.6935
0.9418 0.7690 0.7652 0.6245 0.9504 0.6877
0.9420 0.7694 0.7536 0.6329 0.9498 0.6880
0.9437 0.7719 0.7452 0.6430 0.9495 0.6903
0.9376 0.7369 0.7097 0.6065 0.9438 0.6541
0.5052 0.5440 0.0000 0.0000 0.9125 0.0000
0.9416 0.7684 0.7593 0.6268 0.9499 0.6867
0.9365 0.7603 0.7858 0.6032 0.9509 0.6825
0.8540 0.5636 0.6225 0.4867 0.9292 0.5463
0.7141 0.3566 0.2811 0.4009 0.8578 0.3305
0.7609 0.4680 0.6690 0.3379 0.9274 0.4490
0.8108 0.5951 0.6935 0.4918 0.9365 0.5755
0.9413 0.7791 0.7795 0.6395 0.9526 0.7025
0.9371 0.7619 0.7737 0.6149 0.9506 0.6852
0.9384 0.7666 0.7544 0.6385 0.9502 0.6916
0.9387 0.7587 0.7472 0.6205 0.9484 0.6780
0.9385 0.7574 0.7458 0.6192 0.9482 0.6766
0.9373 0.7496 0.7245 0.6208 0.9461 0.6687
0.9380 0.7521 0.7157 0.6305 0.9457 0.6704
0.5062 0.1106 0.1302 0.2688 0.7788 0.1754
0.9400 0.7664 0.7299 0.6487 0.9482 0.6869
0.9493 0.7852 0.7628 0.6672 0.9527 0.7118
0.9521 0.8007 0.7854 0.6612 0.9545 0.7180
0.9579 0.8103 0.7932 0.6668 0.9556 0.7246
0.9570 0.8097 0.7753 0.6770 0.9546 0.7229
0.9332 0.7543 0.7802 0.6020 0.9503 0.6796
0.8182 0.3675 0.3318 0.5489 0.8638 0.4136
0.7115 0.3250 0.2977 0.3664 0.8689 0.3285
0.7536 0.3716 0.4820 0.3384 0.9103 0.3977
0.8111 0.5741 0.6520 0.4807 0.9321 0.5534
0.9098 0.5973 0.5462 0.5929 0.9213 0.5686
0.9334 0.7502 0.7837 0.5931 0.9501 0.6752
0.9366 0.7626 0.7559 0.6261 0.9496 0.6849
0.9381 0.7603 0.7305 0.6357 0.9476 0.6798
0.9384 0.7608 0.7289 0.6375 0.9475 0.6801
0.9403 0.7637 0.7394 0.6325 0.9483 0.6818
0.9348 0.7269 0.7161 0.5934 0.9438 0.6490
0.9367 0.7547 0.7063 0.6442 0.9454 0.6738
0.9378 0.7596 0.7211 0.6417 0.9469 0.6791
0.9326 0.7528 0.7536 0.6195 0.9490 0.6800
0.8501 0.5631 0.5998 0.4975 0.9270 0.5439
0.7115 0.3572 0.2778 0.4002 0.8564 0.3279
0.7581 0.4707 0.6469 0.3489 0.9263 0.4533
0.8100 0.5975 0.7580 0.4628 0.9401 0.5747
0.9378 0.7718 0.7559 0.6424 0.9505 0.6946
0.9335 0.7558 0.7798 0.6049 0.9505 0.6813
0.9343 0.7581 0.7454 0.6311 0.9488 0.6835
0.9349 0.7497 0.7132 0.6300 0.9454 0.6690
0.9348 0.7485 0.7122 0.6279 0.9452 0.6674
0.9337 0.7407 0.7148 0.6130 0.9447 0.6600
0.9344 0.7430 0.7225 0.6107 0.9454 0.6619
0.9355 0.7546 0.7480 0.6126 0.9480 0.6736
0.9362 0.7580 0.7533 0.6153 0.9487 0.6773
0.9460 0.7738 0.7669 0.6479 0.9520 0.7024
0.9489 0.7915 0.7851 0.6458 0.9535 0.7087
0.9546 0.7973 0.8009 0.6458 0.9550 0.7151
0.9535 0.7995 0.7698 0.6625 0.9531 0.7121
0.9369 0.7614 0.7582 0.6276 0.9499 0.6868
0.8223 0.3600 0.3421 0.5403 0.8688 0.4190
0.7158 0.3326 0.3116 0.3533 0.8751 0.3312
0.7577 0.3826 0.4650 0.3484 0.9079 0.3983
0.8158 0.5774 0.6773 0.4714 0.9341 0.5559
0.9120 0.6000 0.5521 0.6014 0.9224 0.5757
0.9369 0.7567 0.7235 0.6428 0.9472 0.6807
0.9405 0.7699 0.7822 0.6255 0.9520 0.6951
0.9420 0.7689 0.7518 0.6327 0.9496 0.6871
0.9423 0.7694 0.7503 0.6346 0.9495 0.6876
0.9440 0.7723 0.7806 0.6175 0.9513 0.6896
0.9377 0.7359 0.7099 0.6084 0.9440 0.6552
0.9404 0.7629 0.7459 0.6271 0.9487 0.6814
0.9417 0.7678 0.7650 0.6217 0.9502 0.6859
0.9363 0.7597 0.7854 0.6062 0.9510 0.6843
0.8534 0.5620 0.6152 0.4902 0.9285 0.5457
0.7155 0.3655 0.2661 0.4277 0.8467 0.3281
0.7619 0.4743 0.6797 0.3445 0.9284 0.4572
0.8149 0.6005 0.7346 0.4775 0.9392 0.5788
0.9417 0.7802 0.7605 0.6530 0.9516 0.7027
0.9372 0.7627 0.7794 0.6149 0.9511 0.6874
0.9382 0.7653 0.7879 0.6136 0.9517 0.6899
0.9389 0.7584 0.7613 0.6108 0.9492 0.6778
0.9388 0.7571 0.7541 0.6131 0.9486 0.6764
0.9376 0.7495 0.7204 0.6237 0.9459 0.6686
0.9383 0.7518 0.7305 0.6194 0.9467 0.6704
0.9394 0.7627 0.7684 0.6131 0.9500 0.6820
0.9401 0.7659 0.7339 0.6433 0.9484 0.6856
0.9485 0.7822 0.7806 0.6468 0.9532 0.7074
0.9518 0.7990 0.8168 0.6363 0.9557 0.7153
0.9577 0.8081 0.7968 0.6652 0.9559 0.7251
0.9564 0.8063 0.7864 0.6648 0.9549 0.7205
0.9368 0.7558 0.7699 0.6072 0.9497 0.6790
0.8188 0.3651 0.3407 0.5539 0.8671 0.4219
0.7143 0.3313 0.3057 0.3679 0.8716 0.3340
0.7573 0.3772 0.4655 0.3432 0.9080 0.3951
0.8105 0.5686 0.6647 0.4707 0.9329 0.5511
0.9112 0.5945 0.5500 0.5860 0.9218 0.5674
0.9361 0.7484 0.7412 0.6110 0.9473 0.6698
0.9399 0.7630 0.7576 0.6239 0.9496 0.6843
0.9418 0.7663 0.7484 0.6300 0.9491 0.6841
0.9421 0.7668 0.7402 0.6367 0.9486 0.6846
0.9439 0.7700 0.7431 0.6389 0.9491 0.6871
0.9383 0.7395 0.7229 0.6104 0.9454 0.6619
0.9402 0.7606 0.7488 0.6201 0.9485 0.6784
0.9416 0.7664 0.7642 0.6197 0.9500 0.6844
0.9362 0.7544 0.7661 0.6055 0.9493 0.6764
0.8522 0.5572 0.5927 0.5064 0.9263 0.5462
0.7138 0.3659 0.3092 0.3628 0.8733 0.3338
0.7625 0.4687 0.6448 0.3432 0.9260 0.4480
0.8090 0.5920 0.6698 0.4933 0.9344 0.5682
0.9415 0.7735 0.7570 0.6403 0.9505 0.6938
0.9370 0.7571 0.7334 0.6336 0.9478 0.6798
0.9380 0.7602 0.7698 0.6163 0.9503 0.6845
0.9388 0.7568 0.7485 0.6151 0.9482 0.6753
0.9387 0.7557 0.7466 0.6149 0.9480 0.6743
0.9376 0.7491 0.7164 0.6281 0.9457 0.6694
0.9383 0.7514 0.7400 0.6147 0.9474 0.6715
0.9393 0.7604 0.7453 0.6238 0.9484 0.6792
0.9400 0.7632 0.7486 0.6255 0.9488 0.6815
0.9480 0.7808 0.7562 0.6604 0.9516 0.7051
0.9492 0.7890 0.7641 0.6568 0.9522 0.7064
0.9580 0.8102 0.7853 0.6725 0.9552 0.7246
0.9563 0.8039 0.7597 0.6791 0.9531 0.7171
0.9374 0.7639 0.7804 0.6146 0.9511 0.6876
0.8197 0.3667 0.3395 0.5569 0.8664 0.4219
0.7158 0.3335 0.3158 0.3567 0.8760 0.3350
0.7575 0.3802 0.4901 0.3400 0.9113 0.4015
0.8109 0.5646 0.6363 0.4765 0.9303 0.5449
0.9145 0.6074 0.5732 0.5788 0.9254 0.5760
0.9370 0.7595 0.7344 0.6360 0.9480 0.6816
0.9408 0.7731 0.7914 0.6208 0.9525 0.6958
0.9423 0.7716 0.7669 0.6284 0.9508 0.6908
0.9426 0.7721 0.7704 0.6266 0.9510 0.6911
0.9443 0.7748 0.7820 0.6208 0.9517 0.6921
0.9381 0.7384 0.6742 0.6329 0.9411 0.6529
0.9407 0.7656 0.7417 0.6361 0.9488 0.6848
0.9421 0.7710 0.7534 0.6363 0.9499 0.6899
0.9368 0.7621 0.7821 0.6105 0.9510 0.6857
0.8500 0.5596 0.5956 0.5039 0.9266 0.5459
0.7160 0.3669 0.3074 0.3598 0.8730 0.3315
0.7606 0.4697 0.6720 0.3418 0.9278 0.4531
0.8095 0.5868 0.7305 0.4584 0.9378 0.5633
0.9422 0.7811 0.7631 0.6501 0.9517 0.7021
0.9376 0.7653 0.7800 0.6170 0.9512 0.6890
0.9386 0.7678 0.7517 0.6419 0.9501 0.6925
0.9392 0.7612 0.7532 0.6206 0.9490 0.6805
0.9391 0.7599 0.7469 0.6219 0.9485 0.6787
0.9379 0.7521 0.7410 0.6150 0.9475 0.6721
0.9386 0.7545 0.7456 0.6157 0.9480 0.6744
0.9398 0.7656 0.7522 0.6312 0.9495 0.6864
0.9404 0.7687 0.7647 0.6280 0.9505 0.6896
0.9494 0.7865 0.7465 0.6791 0.9517 0.7112
0.9510 0.7985 0.7612 0.6736 0.9529 0.7148
0.9572 0.8095 0.7718 0.6827 0.9546 0.7245
0.9564 0.8089 0.7614 0.6872 0.9538 0.7224
