0.9369 0.7588 0.7355 0.6313 0.9479 0.6794
0.8165 0.3593 0.3323 0.5459 0.8642 0.4131
0.7106 0.3213 0.2537 0.4428 0.8372 0.3225
0.7549 0.3753 0.4671 0.3447 0.9082 0.3967
0.8059 0.5600 0.6611 0.4518 0.9318 0.5368
0.9098 0.5904 0.5473 0.5930 0.9214 0.5693
0.9366 0.7544 0.7656 0.6098 0.9495 0.6789
0.9405 0.7691 0.7673 0.6296 0.9509 0.6917
0.9416 0.7675 0.7662 0.6227 0.9503 0.6870
0.9419 0.7680 0.7586 0.6279 0.9500 0.6871
0.9436 0.7706 0.7578 0.6330 0.9502 0.6898
0.9378 0.7350 0.7039 0.6084 0.9433 0.6526
0.9400 0.7618 0.7196 0.6488 0.9471 0.6824
0.9413 0.7672 0.7601 0.6258 0.9500 0.6864
0.9363 0.7576 0.7297 0.6343 0.9474 0.6787
0.8484 0.5500 0.5604 0.5065 0.9220 0.5321
0.7110 0.3571 0.2888 0.3607 0.8663 0.3208
0.7596 0.4668 0.6411 0.3453 0.9258 0.4489
0.8047 0.5836 0.7371 0.4521 0.9379 0.5605
0.9409 0.7755 0.7626 0.6397 0.9510 0.6957
0.9371 0.7609 0.7682 0.6158 0.9501 0.6836
0.9382 0.7641 0.7583 0.6312 0.9501 0.6889
0.9384 0.7573 0.7751 0.6018 0.9499 0.6775
0.9383 0.7561 0.7699 0.6041 0.9495 0.6770
0.9371 0.7485 0.7559 0.6018 0.9481 0.6701
0.9378 0.7508 0.7584 0.6042 0.9485 0.6725
0.9391 0.7618 0.7204 0.6504 0.9473 0.6836
0.9397 0.7647 0.7346 0.6444 0.9485 0.6866
0.9480 0.7804 0.7411 0.6744 0.9509 0.7061
0.9510 0.7928 0.7752 0.6523 0.9530 0.7085
0.9575 0.8098 0.7586 0.6910 0.9537 0.7232
0.9561 0.8049 0.7533 0.6844 0.9528 0.7172
0.9381 0.7646 0.7640 0.6268 0.9504 0.6886
0.8222 0.3659 0.3410 0.5551 0.8672 0.4225
0.7128 0.3261 0.2736 0.4114 0.8529 0.3286
0.7552 0.3766 0.4844 0.3381 0.9106 0.3983
0.8176 0.5765 0.6897 0.4626 0.9348 0.5538
0.9111 0.5984 0.5560 0.5899 0.9229 0.5724
0.9378 0.7577 0.7338 0.6304 0.9476 0.6782
0.9416 0.7725 0.7318 0.6578 0.9490 0.6928
0.9422 0.7680 0.7142 0.6561 0.9469 0.6839
0.9424 0.7684 0.7171 0.6545 0.9472 0.6844
0.9440 0.7708 0.7222 0.6527 0.9476 0.6857
0.9364 0.7321 0.6864 0.6162 0.9418 0.6494
0.9407 0.7623 0.7409 0.6276 0.9482 0.6796
0.9418 0.7669 0.7120 0.6556 0.9466 0.6826
0.9374 0.7630 0.7747 0.6177 0.9508 0.6874
0.8562 0.5638 0.6091 0.5003 0.9282 0.5494
0.7129 0.3612 0.2863 0.3860 0.8621 0.3288
0.7589 0.4674 0.6825 0.3358 0.9282 0.4502
0.8164 0.5996 0.7018 0.4859 0.9369 0.5742
0.9409 0.7777 0.7631 0.6463 0.9515 0.6998
0.9382 0.7651 0.7522 0.6359 0.9498 0.6892
0.9392 0.7678 0.7638 0.6327 0.9507 0.6921
0.9389 0.7571 0.6886 0.6581 0.9440 0.6730
0.9388 0.7557 0.6973 0.6479 0.9446 0.6717
0.9373 0.7473 0.7283 0.6120 0.9461 0.6651
0.9380 0.7496 0.7139 0.6248 0.9452 0.6664
0.9397 0.7623 0.7181 0.6465 0.9468 0.6804
0.9405 0.7660 0.7226 0.6511 0.9476 0.6850
0.9499 0.7833 0.7759 0.6527 0.9531 0.7090
0.9530 0.7988 0.7690 0.6674 0.9533 0.7146
0.9575 0.8055 0.7806 0.6661 0.9544 0.7188
0.9565 0.8058 0.7828 0.6617 0.9543 0.7172
0.9355 0.7553 0.7565 0.6151 0.9490 0.6785
0.8192 0.3626 0.3365 0.5450 0.8661 0.4161
0.7156 0.3322 0.3072 0.3798 0.8708 0.3397
0.7573 0.3768 0.4828 0.3395 0.9104 0.3987
0.8130 0.5653 0.6500 0.4724 0.9316 0.5472
0.9098 0.5896 0.5415 0.5962 0.9205 0.5675
0.9349 0.7486 0.7341 0.6198 0.9471 0.6721
0.9390 0.7636 0.7462 0.6338 0.9491 0.6854
0.9403 0.7633 0.7183 0.6477 0.9469 0.6812
0.9406 0.7639 0.7169 0.6491 0.9469 0.6814
0.9424 0.7667 0.7159 0.6516 0.9469 0.6823
0.9367 0.7320 0.7376 0.5828 0.9453 0.6511
0.9387 0.7572 0.7146 0.6393 0.9461 0.6749
0.9403 0.7631 0.7165 0.6477 0.9467 0.6804
0.9350 0.7538 0.7696 0.6040 0.9495 0.6768
0.8498 0.5551 0.6154 0.4834 0.9283 0.5415
0.7163 0.3669 0.2943 0.3902 0.8647 0.3355
0.7632 0.4706 0.6425 0.3486 0.9260 0.4520
0.8122 0.5915 0.7274 0.4629 0.9378 0.5658
0.9403 0.7727 0.7510 0.6452 0.9502 0.6941
0.9357 0.7564 0.7555 0.6196 0.9492 0.6808
0.9368 0.7591 0.7488 0.6281 0.9490 0.6832
0.9373 0.7530 0.7099 0.6350 0.9453 0.6704
0.9371 0.7517 0.7098 0.6327 0.9452 0.6690
0.9359 0.7440 0.7163 0.6146 0.9450 0.6615
0.9367 0.7465 0.7299 0.6092 0.9461 0.6641
0.9379 0.7573 0.7040 0.6503 0.9455 0.6760
0.9386 0.7605 0.7092 0.6536 0.9462 0.6802
0.9460 0.7777 0.7309 0.6764 0.9499 0.7026
0.9485 0.7885 0.7655 0.6526 0.9521 0.7046
0.9550 0.7759 0.7724 0.6607 0.9533 0.7122
0.9537 0.7868 0.7669 0.6580 0.9526 0.7083
0.9361 0.7622 0.7702 0.6233 0.9508 0.6890
0.8240 0.3695 0.3434 0.5617 0.8677 0.4262
0.7122 0.3266 0.2807 0.3913 0.8590 0.3269
0.7543 0.3751 0.4620 0.3451 0.9075 0.3951
0.8139 0.5802 0.6806 0.4767 0.9346 0.5607
0.9138 0.6038 0.5573 0.6013 0.9233 0.5785
0.9360 0.7569 0.7801 0.6082 0.9507 0.6835
0.9398 0.7710 0.7586 0.6411 0.9507 0.6949
0.9417 0.7718 0.7308 0.6578 0.9488 0.6924
0.9420 0.7724 0.7334 0.6564 0.9490 0.6928
0.9440 0.7759 0.7472 0.6494 0.9501 0.6949
0.9400 0.7432 0.7161 0.6147 0.9449 0.6615
0.9401 0.7661 0.7485 0.6337 0.9493 0.6863
0.9415 0.7715 0.7237 0.6618 0.9483 0.6914
0.9354 0.7604 0.7811 0.6128 0.9511 0.6868
0.8540 0.5652 0.5861 0.5215 0.9259 0.5519
0.7119 0.3593 0.3140 0.3359 0.8776 0.3246
0.7596 0.4691 0.6777 0.3362 0.9279 0.4495
0.8124 0.6020 0.7477 0.4767 0.9401 0.5822
0.9412 0.7797 0.7759 0.6452 0.9526 0.7045
0.9362 0.7629 0.7739 0.6189 0.9508 0.6878
0.9372 0.7665 0.7671 0.6309 0.9509 0.6924
0.9385 0.7617 0.7044 0.6611 0.9461 0.6821
0.9385 0.7606 0.7033 0.6593 0.9458 0.6806
0.9378 0.7539 0.7051 0.6427 0.9452 0.6724
0.9384 0.7561 0.7042 0.6478 0.9454 0.6748
0.9388 0.7655 0.7460 0.6361 0.9492 0.6867
0.9395 0.7686 0.7801 0.6173 0.9513 0.6892
0.9494 0.7859 0.7623 0.6688 0.9528 0.7125
0.9517 0.7998 0.7734 0.6693 0.9539 0.7176
0.9586 0.8144 0.7836 0.6864 0.9560 0.7318
0.9572 0.8128 0.7987 0.6690 0.9563 0.7281
0.9347 0.7540 0.7675 0.6078 0.9496 0.6783
0.8177 0.3612 0.3336 0.5490 0.8646 0.4150
0.7189 0.3342 0.2919 0.3960 0.8631 0.3361
0.7574 0.3788 0.4650 0.3524 0.9078 0.4009
0.8089 0.5705 0.6488 0.4792 0.9317 0.5513
0.9129 0.6041 0.5496 0.6068 0.9221 0.5768
0.9344 0.7497 0.7526 0.6110 0.9484 0.6744
0.9381 0.7627 0.7646 0.6196 0.9500 0.6845
0.9402 0.7641 0.7462 0.6259 0.9486 0.6808
0.9405 0.7646 0.7339 0.6351 0.9479 0.6809
0.9422 0.7675 0.7365 0.6367 0.9483 0.6830
0.9359 0.7323 0.7002 0.6068 0.9428 0.6502
0.9388 0.7582 0.7129 0.6411 0.9460 0.6751
0.9399 0.7635 0.7217 0.6444 0.9471 0.6809
0.9341 0.7526 0.7754 0.6006 0.9498 0.6769
0.8497 0.5573 0.5991 0.4958 0.9268 0.5426
0.7182 0.3681 0.2959 0.3848 0.8660 0.3346
0.7617 0.4728 0.6260 0.3558 0.9250 0.4537
0.8079 0.5910 0.7015 0.4802 0.9366 0.5702
0.9404 0.7755 0.7898 0.6237 0.9525 0.6970
0.9351 0.7560 0.7717 0.6104 0.9501 0.6816
0.9360 0.7590 0.7550 0.6216 0.9492 0.6818
0.9372 0.7540 0.7254 0.6259 0.9465 0.6720
0.9371 0.7528 0.7294 0.6212 0.9467 0.6710
0.9360 0.7453 0.7274 0.6126 0.9460 0.6651
0.9366 0.7476 0.7305 0.6135 0.9464 0.6669
0.9376 0.7579 0.7516 0.6132 0.9484 0.6754
0.9382 0.7609 0.7394 0.6261 0.9480 0.6780
0.9495 0.7830 0.7414 0.6714 0.9507 0.7047
0.9492 0.7936 0.7990 0.6336 0.9540 0.7067
0.9555 0.8017 0.7828 0.6628 0.9544 0.7178
0.9546 0.8019 0.7691 0.6635 0.9531 0.7125
