0.9361 0.7587 0.7611 0.6219 0.9498 0.6845
0.8172 0.3643 0.3354 0.5392 0.8662 0.4136
0.7197 0.3364 0.2894 0.4043 0.8610 0.3374
0.7571 0.3745 0.4720 0.3412 0.9089 0.3961
0.8112 0.5661 0.6489 0.4722 0.9314 0.5466
0.9109 0.5944 0.5740 0.5646 0.9252 0.5693
0.9356 0.7508 0.7637 0.6067 0.9491 0.6762
0.9395 0.7666 0.7635 0.6298 0.9505 0.6902
0.9410 0.7644 0.7488 0.6263 0.9489 0.6821
0.9413 0.7649 0.7486 0.6272 0.9489 0.6826
0.9431 0.7680 0.7644 0.6201 0.9500 0.6847
0.9377 0.7331 0.6999 0.6064 0.9428 0.6498
0.9394 0.7586 0.7319 0.6312 0.9475 0.6779
0.9407 0.7640 0.7356 0.6367 0.9482 0.6826
0.9353 0.7568 0.7366 0.6350 0.9482 0.6821
0.8479 0.5534 0.6089 0.4848 0.9277 0.5398
0.7202 0.3703 0.3094 0.3694 0.8727 0.3368
0.7624 0.4700 0.6643 0.3421 0.9273 0.4516
0.8106 0.5904 0.7005 0.4819 0.9366 0.5710
0.9409 0.7753 0.7536 0.6459 0.9505 0.6956
0.9363 0.7592 0.7560 0.6259 0.9496 0.6848
0.9372 0.7619 0.7332 0.6448 0.9484 0.6862
0.9378 0.7536 0.7114 0.6393 0.9457 0.6734
0.9377 0.7523 0.7048 0.6418 0.9451 0.6718
0.9367 0.7447 0.6981 0.6308 0.9438 0.6628
0.9374 0.7471 0.7152 0.6209 0.9452 0.6648
0.9384 0.7583 0.7089 0.6495 0.9460 0.6779
0.9391 0.7619 0.7352 0.6367 0.9481 0.6824
0.9471 0.7796 0.7514 0.6640 0.9514 0.7050
0.9514 0.7941 0.7554 0.6663 0.9519 0.7081
0.9577 0.8071 0.7752 0.6724 0.9543 0.7201
0.9560 0.8017 0.7720 0.6671 0.9536 0.7158
0.9359 0.7571 0.7685 0.6083 0.9497 0.6791
0.8209 0.3654 0.3381 0.5574 0.8658 0.4209
0.7150 0.3284 0.2723 0.4198 0.8510 0.3303
0.7546 0.3708 0.4430 0.3490 0.9046 0.3904
0.8130 0.5727 0.6270 0.4902 0.9299 0.5503
0.9112 0.5947 0.5521 0.5847 0.9221 0.5679
0.9352 0.7507 0.7280 0.6255 0.9468 0.6729
0.9389 0.7638 0.7664 0.6188 0.9501 0.6847
0.9405 0.7638 0.7588 0.6218 0.9496 0.6835
0.9408 0.7644 0.7640 0.6192 0.9499 0.6840
0.9426 0.7672 0.7514 0.6321 0.9495 0.6866
0.9361 0.7320 0.7646 0.5648 0.9467 0.6497
0.9390 0.7583 0.7526 0.6179 0.9488 0.6786
0.9402 0.7636 0.7407 0.6318 0.9484 0.6820
0.9353 0.7555 0.7701 0.6017 0.9494 0.6756
0.8544 0.5621 0.5925 0.5051 0.9263 0.5453
0.7141 0.3607 0.3088 0.3525 0.8743 0.3292
0.7589 0.4643 0.6078 0.3508 0.9234 0.4448
0.8119 0.5954 0.6854 0.4891 0.9356 0.5708
0.9400 0.7732 0.7758 0.6335 0.9519 0.6975
0.9360 0.7580 0.7409 0.6283 0.9482 0.6800
0.9369 0.7605 0.7567 0.6237 0.9495 0.6838
0.9373 0.7537 0.7495 0.6138 0.9482 0.6749
0.9372 0.7525 0.7371 0.6206 0.9474 0.6739
0.9360 0.7449 0.7306 0.6117 0.9463 0.6659
0.9366 0.7472 0.7321 0.6122 0.9464 0.6668
0.9380 0.7583 0.7555 0.6157 0.9489 0.6785
0.9387 0.7616 0.7589 0.6198 0.9495 0.6823
0.9499 0.7849 0.7542 0.6695 0.9520 0.7093
0.9475 0.7876 0.7708 0.6533 0.9527 0.7072
0.9565 0.8005 0.7949 0.6562 0.9551 0.7189
0.9554 0.8020 0.7764 0.6652 0.9539 0.7165
0.9352 0.7616 0.7675 0.6298 0.9509 0.6918
0.8181 0.3636 0.3340 0.5538 0.8643 0.4167
0.7150 0.3290 0.2964 0.3713 0.8678 0.3297
0.7604 0.3809 0.4767 0.3506 0.9095 0.4040
0.8061 0.5641 0.6303 0.4766 0.9297 0.5428
0.9104 0.6022 0.5659 0.5858 0.9244 0.5757
0.9347 0.7547 0.7507 0.6243 0.9490 0.6817
0.9384 0.7682 0.7500 0.6451 0.9501 0.6936
0.9403 0.7705 0.7372 0.6489 0.9490 0.6902
0.9407 0.7709 0.7374 0.6495 0.9491 0.6907
0.9425 0.7737 0.7365 0.6543 0.9493 0.6930
0.9368 0.7386 0.7045 0.6181 0.9439 0.6584
0.9388 0.7646 0.7472 0.6313 0.9490 0.6844
0.9400 0.7696 0.7163 0.6649 0.9476 0.6897
0.9347 0.7600 0.7674 0.6267 0.9507 0.6899
0.8503 0.5603 0.6180 0.4885 0.9288 0.5456
0.7152 0.3643 0.2984 0.3658 0.8692 0.3287
0.7645 0.4756 0.6727 0.3458 0.9280 0.4568
0.8048 0.5877 0.7344 0.4633 0.9384 0.5681
0.9394 0.7783 0.7847 0.6389 0.9531 0.7044
0.9353 0.7625 0.7786 0.6235 0.9515 0.6925
0.9364 0.7656 0.7758 0.6279 0.9516 0.6941
0.9371 0.7601 0.7324 0.6364 0.9478 0.6810
0.9370 0.7589 0.7358 0.6339 0.9480 0.6810
0.9360 0.7512 0.7030 0.6445 0.9450 0.6725
0.9367 0.7536 0.7080 0.6450 0.9456 0.6750
0.9377 0.7644 0.7450 0.6337 0.9490 0.6849
0.9383 0.7674 0.7431 0.6428 0.9493 0.6893
0.9461 0.7824 0.7460 0.6706 0.9512 0.7063
0.9489 0.7976 0.7839 0.6597 0.9543 0.7165
0.9566 0.8097 0.7784 0.6781 0.9549 0.7248
0.9546 0.8058 0.7955 0.6613 0.9555 0.7222
0.9366 0.7576 0.7608 0.6132 0.9493 0.6791
0.8179 0.3575 0.3394 0.5457 0.8673 0.4185
0.7090 0.3294 0.2678 0.4206 0.8486 0.3272
0.7517 0.3757 0.4837 0.3406 0.9105 0.3997
0.8131 0.5722 0.6207 0.4949 0.9293 0.5507
0.9128 0.6021 0.5581 0.5940 0.9233 0.5755
0.9367 0.7529 0.7536 0.6145 0.9487 0.6769
0.9405 0.7685 0.7591 0.6370 0.9505 0.6927
0.9412 0.7641 0.7511 0.6231 0.9489 0.6811
0.9414 0.7646 0.7514 0.6236 0.9490 0.6816
0.9432 0.7675 0.7722 0.6129 0.9503 0.6834
0.9368 0.7315 0.6911 0.6099 0.9420 0.6480
0.9396 0.7584 0.7359 0.6270 0.9477 0.6771
0.9409 0.7637 0.7336 0.6353 0.9479 0.6809
0.9361 0.7565 0.7484 0.6200 0.9485 0.6782
0.8509 0.5600 0.5914 0.5100 0.9263 0.5477
0.7085 0.3602 0.2573 0.4377 0.8402 0.3241
0.7565 0.4668 0.6555 0.3421 0.9267 0.4496
0.8122 0.5968 0.7123 0.4764 0.9373 0.5710
0.9402 0.7745 0.7695 0.6359 0.9515 0.6963
0.9369 0.7586 0.7588 0.6167 0.9493 0.6804
0.9380 0.7625 0.7572 0.6263 0.9497 0.6856
0.9379 0.7537 0.7642 0.5982 0.9487 0.6711
0.9378 0.7524 0.7714 0.5922 0.9490 0.6700
0.9365 0.7448 0.7502 0.5945 0.9472 0.6633
0.9372 0.7471 0.7335 0.6085 0.9464 0.6652
0.9387 0.7584 0.7356 0.6271 0.9476 0.6770
0.9394 0.7617 0.7423 0.6271 0.9483 0.6799
0.9479 0.7772 0.7446 0.6684 0.9509 0.7044
0.9510 0.7955 0.7576 0.6711 0.9524 0.7117
0.9577 0.8107 0.7986 0.6593 0.9556 0.7223
0.9563 0.8052 0.7764 0.6687 0.9541 0.7185
0.9369 0.7590 0.7879 0.6026 0.9510 0.6829
0.8205 0.3689 0.3428 0.5355 0.8695 0.4180
0.7132 0.3238 0.2833 0.4017 0.8587 0.3323
0.7558 0.3810 0.5017 0.3314 0.9127 0.3992
0.8152 0.5770 0.6767 0.4678 0.9339 0.5532
0.9139 0.6024 0.5659 0.5839 0.9244 0.5748
0.9368 0.7559 0.7629 0.6147 0.9496 0.6808
0.9406 0.7694 0.7755 0.6268 0.9515 0.6933
0.9424 0.7701 0.7549 0.6283 0.9496 0.6858
0.9427 0.7706 0.7547 0.6290 0.9496 0.6861
0.9444 0.7735 0.7790 0.6154 0.9511 0.6876
0.9388 0.7405 0.6698 0.6427 0.9410 0.6560
0.9408 0.7642 0.7407 0.6296 0.9483 0.6806
0.9424 0.7702 0.7605 0.6232 0.9498 0.6850
0.9362 0.7575 0.7705 0.6112 0.9500 0.6816
0.8523 0.5606 0.5891 0.5050 0.9259 0.5439
0.7129 0.3598 0.2753 0.4071 0.8543 0.3284
0.7608 0.4706 0.6827 0.3361 0.9282 0.4505
0.8140 0.5994 0.7176 0.4780 0.9378 0.5738
0.9426 0.7787 0.7781 0.6335 0.9521 0.6984
0.9371 0.7610 0.7624 0.6262 0.9502 0.6876
0.9382 0.7640 0.7660 0.6261 0.9505 0.6890
0.9395 0.7606 0.7444 0.6222 0.9482 0.6778
0.9394 0.7595 0.7374 0.6243 0.9477 0.6762
0.9383 0.7526 0.7359 0.6150 0.9470 0.6700
0.9390 0.7549 0.7368 0.6170 0.9472 0.6716
0.9399 0.7641 0.7638 0.6136 0.9496 0.6805
0.9404 0.7668 0.7374 0.6378 0.9484 0.6840
0.9491 0.7841 0.7787 0.6494 0.9532 0.7082
0.9524 0.7974 0.7606 0.6701 0.9527 0.7125
0.9564 0.8056 0.7715 0.6751 0.9541 0.7201
0.9563 0.8078 0.7720 0.6736 0.9540 0.7195
