0.9363 0.7623 0.7628 0.6205 0.9499 0.6843
0.8194 0.3635 0.3380 0.5476 0.8665 0.4180
0.7138 0.3268 0.3069 0.3581 0.8730 0.3305
0.7577 0.3801 0.4974 0.3409 0.9122 0.4045
0.8161 0.5757 0.6396 0.4859 0.9310 0.5523
0.9102 0.5941 0.5548 0.5870 0.9226 0.5704
0.9355 0.7549 0.7606 0.6128 0.9492 0.6788
0.9395 0.7715 0.7590 0.6380 0.9506 0.6933
0.9421 0.7752 0.7453 0.6502 0.9499 0.6945
0.9424 0.7758 0.7437 0.6517 0.9499 0.6947
0.9442 0.7789 0.7673 0.6387 0.9514 0.6971
0.9403 0.7489 0.7232 0.6190 0.9459 0.6670
0.9406 0.7696 0.7243 0.6583 0.9482 0.6897
0.9420 0.7757 0.7565 0.6434 0.9507 0.6954
0.9357 0.7606 0.7498 0.6301 0.9492 0.6847
0.8527 0.5588 0.6224 0.4833 0.9291 0.5441
0.7134 0.3638 0.3170 0.3436 0.8778 0.3297
0.7620 0.4731 0.6434 0.3544 0.9263 0.4570
0.8150 0.5989 0.6952 0.4920 0.9367 0.5762
0.9398 0.7804 0.7665 0.6539 0.9523 0.7057
0.9364 0.7632 0.7501 0.6347 0.9495 0.6876
0.9376 0.7676 0.7471 0.6442 0.9498 0.6918
0.9392 0.7661 0.7399 0.6381 0.9487 0.6852
0.9391 0.7651 0.7440 0.6336 0.9489 0.6844
0.9384 0.7589 0.7427 0.6243 0.9482 0.6784
0.9390 0.7612 0.7452 0.6263 0.9485 0.6806
0.9395 0.7692 0.7489 0.6409 0.9498 0.6907
0.9401 0.7719 0.7479 0.6469 0.9500 0.6937
0.9496 0.7891 0.7518 0.6848 0.9526 0.7168
0.9503 0.7992 0.7596 0.6829 0.9533 0.7192
0.9570 0.8113 0.7918 0.6759 0.9561 0.7293
0.9557 0.8104 0.8051 0.6623 0.9564 0.7267
0.9364 0.7603 0.7544 0.6271 0.9495 0.6849
0.8187 0.3668 0.3428 0.5381 0.8693 0.4188
0.7126 0.3289 0.2693 0.4115 0.8508 0.3256
0.7586 0.3790 0.4422 0.3695 0.9040 0.4026
0.8095 0.5684 0.6244 0.4864 0.9294 0.5468
0.9121 0.6018 0.5475 0.5952 0.9215 0.5703
0.9360 0.7541 0.7529 0.6162 0.9487 0.6777
0.9396 0.7679 0.7730 0.6236 0.9510 0.6903
0.9406 0.7651 0.7495 0.6340 0.9494 0.6869
0.9409 0.7656 0.7440 0.6377 0.9491 0.6868
0.9427 0.7683 0.7648 0.6254 0.9504 0.6881
0.9356 0.7277 0.6951 0.6057 0.9422 0.6473
0.9391 0.7596 0.7549 0.6201 0.9491 0.6809
0.9403 0.7638 0.7552 0.6265 0.9495 0.6849
0.9358 0.7585 0.7638 0.6196 0.9499 0.6842
0.8501 0.5601 0.5876 0.5091 0.9258 0.5455
0.7122 0.3580 0.2631 0.4198 0.8463 0.3235
0.7630 0.4729 0.6458 0.3524 0.9264 0.4560
0.8087 0.5913 0.7427 0.4640 0.9390 0.5711
0.9415 0.7777 0.7889 0.6296 0.9528 0.7003
0.9366 0.7612 0.7676 0.6221 0.9504 0.6872
0.9376 0.7642 0.7546 0.6377 0.9501 0.6912
0.9374 0.7541 0.7300 0.6315 0.9473 0.6772
0.9372 0.7527 0.7339 0.6265 0.9474 0.6760
0.9358 0.7442 0.7280 0.6151 0.9462 0.6668
0.9365 0.7465 0.7273 0.6177 0.9463 0.6681
0.9382 0.7595 0.7481 0.6260 0.9488 0.6816
0.9389 0.7629 0.7455 0.6333 0.9490 0.6848
0.9477 0.7808 0.7572 0.6623 0.9519 0.7066
0.9504 0.7942 0.7928 0.6431 0.9540 0.7101
0.9566 0.7942 0.7975 0.6579 0.9554 0.7210
0.9555 0.7986 0.7726 0.6688 0.9538 0.7169
0.9371 0.7622 0.7670 0.6198 0.9502 0.6856
0.8213 0.3654 0.3352 0.5532 0.8649 0.4174
0.7127 0.3283 0.2857 0.3936 0.8608 0.3310
0.7572 0.3799 0.4640 0.3528 0.9077 0.4008
0.8155 0.5789 0.6490 0.4876 0.9321 0.5569
0.9122 0.5997 0.5343 0.6195 0.9194 0.5737
0.9367 0.7565 0.7404 0.6267 0.9481 0.6788
0.9403 0.7689 0.7788 0.6189 0.9513 0.6897
0.9414 0.7668 0.7559 0.6254 0.9495 0.6845
0.9417 0.7673 0.7522 0.6289 0.9494 0.6850
0.9434 0.7700 0.7655 0.6238 0.9503 0.6874
0.9369 0.7347 0.7251 0.5950 0.9448 0.6536
0.9399 0.7610 0.7505 0.6196 0.9487 0.6788
0.9412 0.7661 0.7419 0.6345 0.9487 0.6840
0.9366 0.7609 0.7754 0.6121 0.9505 0.6841
0.8541 0.5616 0.5948 0.5078 0.9266 0.5479
0.7125 0.3635 0.2849 0.3964 0.8601 0.3315
0.7623 0.4758 0.6477 0.3511 0.9265 0.4553
0.8146 0.6038 0.7293 0.4871 0.9393 0.5841
0.9414 0.7777 0.7682 0.6423 0.9517 0.6997
0.9374 0.7632 0.7443 0.6371 0.9491 0.6866
0.9381 0.7648 0.7422 0.6405 0.9491 0.6876
0.9382 0.7562 0.7471 0.6157 0.9481 0.6751
0.9380 0.7549 0.7428 0.6172 0.9478 0.6742
0.9367 0.7473 0.7403 0.6065 0.9469 0.6668
0.9374 0.7496 0.7320 0.6147 0.9466 0.6682
0.9389 0.7609 0.7474 0.6229 0.9486 0.6795
0.9397 0.7642 0.7619 0.6183 0.9497 0.6826
0.9488 0.7819 0.7644 0.6603 0.9525 0.7085
0.9512 0.7961 0.7827 0.6543 0.9538 0.7127
0.9577 0.8079 0.8084 0.6524 0.9560 0.7221
0.9560 0.8054 0.7995 0.6521 0.9552 0.7183
0.9357 0.7543 0.7377 0.6262 0.9478 0.6774
0.8215 0.3627 0.3387 0.5566 0.8661 0.4212
0.7145 0.3290 0.2820 0.3933 0.8593 0.3285
0.7527 0.3670 0.4543 0.3340 0.9066 0.3850
0.8101 0.5672 0.6697 0.4639 0.9331 0.5481
0.9123 0.5996 0.5913 0.5527 0.9274 0.5714
0.9358 0.7494 0.7217 0.6286 0.9463 0.6719
0.9395 0.7639 0.7581 0.6248 0.9497 0.6851
0.9414 0.7653 0.7532 0.6283 0.9495 0.6851
0.9417 0.7658 0.7573 0.6262 0.9497 0.6855
0.9437 0.7687 0.7529 0.6311 0.9496 0.6867
0.9383 0.7356 0.6913 0.6218 0.9426 0.6547
0.9400 0.7593 0.7312 0.6352 0.9476 0.6798
0.9411 0.7650 0.7404 0.6359 0.9486 0.6842
0.9351 0.7528 0.7491 0.6154 0.9483 0.6757
0.8533 0.5587 0.6031 0.4946 0.9273 0.5435
0.7153 0.3640 0.3058 0.3552 0.8730 0.3287
0.7579 0.4582 0.6420 0.3357 0.9255 0.4409
0.8083 0.5894 0.7573 0.4556 0.9396 0.5690
0.9410 0.7746 0.7768 0.6308 0.9518 0.6962
0.9361 0.7558 0.7586 0.6176 0.9493 0.6809
0.9371 0.7596 0.7472 0.6316 0.9491 0.6846
0.9383 0.7552 0.7236 0.6328 0.9467 0.6752
0.9383 0.7540 0.7457 0.6147 0.9479 0.6739
0.9375 0.7468 0.7322 0.6139 0.9466 0.6679
0.9381 0.7492 0.7346 0.6149 0.9469 0.6694
0.9387 0.7591 0.7159 0.6481 0.9467 0.6803
0.9393 0.7620 0.7463 0.6299 0.9489 0.6832
0.9491 0.7832 0.7519 0.6717 0.9519 0.7095
0.9517 0.7978 0.8050 0.6425 0.9551 0.7147
0.9573 0.8100 0.7702 0.6842 0.9545 0.7247
0.9559 0.8054 0.7593 0.6814 0.9532 0.7182
0.9353 0.7568 0.7500 0.6240 0.9489 0.6812
0.8175 0.3596 0.3375 0.5340 0.8675 0.4136
0.7170 0.3286 0.2812 0.4075 0.8570 0.3328
0.7542 0.3784 0.4466 0.3606 0.9049 0.3990
0.8085 0.5639 0.6531 0.4644 0.9315 0.5428
0.9105 0.6001 0.5457 0.6045 0.9213 0.5736
0.9351 0.7527 0.7497 0.6161 0.9484 0.6764
0.9390 0.7659 0.7483 0.6384 0.9496 0.6890
0.9398 0.7622 0.7249 0.6345 0.9469 0.6767
0.9401 0.7628 0.7266 0.6336 0.9471 0.6769
0.9419 0.7658 0.7212 0.6423 0.9470 0.6795
0.9361 0.7297 0.7103 0.5976 0.9434 0.6491
0.9383 0.7566 0.7218 0.6293 0.9463 0.6723
0.9396 0.7622 0.7453 0.6216 0.9483 0.6778
0.9346 0.7554 0.7653 0.6105 0.9495 0.6792
0.8474 0.5507 0.5846 0.4944 0.9250 0.5357
0.7173 0.3640 0.2841 0.3932 0.8602 0.3298
0.7580 0.4693 0.6608 0.3403 0.9270 0.4492
0.8075 0.5863 0.7133 0.4638 0.9368 0.5621
0.9398 0.7731 0.7690 0.6322 0.9512 0.6939
0.9354 0.7584 0.7562 0.6216 0.9493 0.6823
0.9363 0.7602 0.7545 0.6223 0.9492 0.6820
0.9366 0.7521 0.7408 0.6070 0.9470 0.6673
0.9365 0.7508 0.7470 0.6016 0.9473 0.6664
0.9353 0.7432 0.7206 0.6079 0.9450 0.6594
0.9360 0.7454 0.7203 0.6126 0.9453 0.6621
0.9373 0.7568 0.7286 0.6252 0.9468 0.6729
0.9380 0.7605 0.7492 0.6168 0.9484 0.6766
0.9464 0.7774 0.7319 0.6759 0.9500 0.7028
0.9496 0.7920 0.7736 0.6513 0.9528 0.7072
0.9565 0.7999 0.7885 0.6598 0.9547 0.7184
0.9552 0.8020 0.7753 0.6596 0.9535 0.7128
