0.9354 0.7564 0.7791 0.6048 0.9504 0.6810
0.8183 0.3670 0.3400 0.5384 0.8681 0.4168
0.7113 0.3279 0.3022 0.3597 0.8712 0.3284
0.7532 0.3701 0.4551 0.3438 0.9065 0.3917
0.8131 0.5719 0.6618 0.4705 0.9326 0.5500
0.9091 0.5963 0.5644 0.5812 0.9241 0.5727
0.9349 0.7513 0.7448 0.6218 0.9482 0.6777
0.9389 0.7639 0.7680 0.6194 0.9503 0.6857
0.9397 0.7607 0.7257 0.6404 0.9473 0.6804
0.9399 0.7612 0.7268 0.6398 0.9474 0.6805
0.9415 0.7638 0.7157 0.6515 0.9469 0.6821
0.9356 0.7294 0.6865 0.6118 0.9416 0.6470
0.9380 0.7547 0.7123 0.6414 0.9459 0.6750
0.9396 0.7608 0.7140 0.6486 0.9465 0.6798
0.9348 0.7546 0.7634 0.6132 0.9495 0.6801
0.8514 0.5546 0.5938 0.4972 0.9262 0.5412
0.7117 0.3615 0.2803 0.3889 0.8591 0.3258
0.7563 0.4606 0.6230 0.3424 0.9243 0.4420
0.8119 0.5936 0.6998 0.4809 0.9365 0.5700
0.9390 0.7720 0.7709 0.6345 0.9515 0.6961
0.9356 0.7576 0.7796 0.6069 0.9506 0.6825
0.9365 0.7595 0.7639 0.6161 0.9497 0.6821
0.9365 0.7503 0.7125 0.6335 0.9455 0.6707
0.9363 0.7490 0.7152 0.6290 0.9456 0.6693
0.9349 0.7409 0.7212 0.6111 0.9453 0.6616
0.9357 0.7435 0.7043 0.6268 0.9443 0.6633
0.9372 0.7550 0.7190 0.6381 0.9465 0.6762
0.9379 0.7586 0.7067 0.6566 0.9461 0.6808
0.9469 0.7776 0.7601 0.6578 0.9519 0.7053
0.9482 0.7884 0.7917 0.6354 0.9535 0.7050
0.9554 0.8010 0.7945 0.6493 0.9546 0.7146
0.9543 0.8002 0.7844 0.6502 0.9537 0.7110
0.9377 0.7640 0.7533 0.6342 0.9498 0.6886
0.8195 0.3634 0.3380 0.5609 0.8654 0.4218
0.7186 0.3344 0.2805 0.4106 0.8562 0.3333
0.7547 0.3807 0.4695 0.3512 0.9085 0.4018
0.8108 0.5717 0.6656 0.4763 0.9332 0.5553
0.9133 0.6014 0.5609 0.5936 0.9238 0.5768
0.9375 0.7587 0.7940 0.5981 0.9512 0.6822
0.9412 0.7720 0.7844 0.6211 0.9519 0.6933
0.9426 0.7711 0.7460 0.6374 0.9493 0.6874
0.9429 0.7716 0.7472 0.6366 0.9493 0.6875
0.9446 0.7744 0.7811 0.6163 0.9513 0.6890
0.9384 0.7385 0.7259 0.5995 0.9451 0.6567
0.9410 0.7650 0.7388 0.6343 0.9484 0.6826
0.9423 0.7704 0.7424 0.6376 0.9489 0.6860
0.9372 0.7627 0.7449 0.6370 0.9491 0.6868
0.8508 0.5577 0.5988 0.5035 0.9270 0.5470
0.7188 0.3668 0.2975 0.3810 0.8671 0.3341
0.7585 0.4760 0.6316 0.3607 0.9256 0.4592
0.8096 0.5949 0.7284 0.4814 0.9389 0.5797
0.9430 0.7832 0.8040 0.6301 0.9542 0.7065
0.9381 0.7658 0.7778 0.6216 0.9513 0.6910
0.9391 0.7682 0.7797 0.6222 0.9515 0.6921
0.9394 0.7605 0.7379 0.6255 0.9478 0.6770
0.9393 0.7592 0.7363 0.6253 0.9476 0.6762
0.9381 0.7515 0.7284 0.6211 0.9466 0.6705
0.9388 0.7539 0.7411 0.6141 0.9474 0.6717
0.9400 0.7650 0.7506 0.6256 0.9490 0.6824
0.9408 0.7684 0.7459 0.6368 0.9492 0.6870
0.9501 0.7857 0.7558 0.6694 0.9521 0.7100
0.9502 0.7959 0.7786 0.6585 0.9537 0.7135
0.9589 0.8153 0.7882 0.6766 0.9558 0.7281
0.9577 0.8112 0.7702 0.6825 0.9544 0.7237
0.9340 0.7526 0.7722 0.6012 0.9496 0.6760
0.8176 0.3606 0.3339 0.5544 0.8642 0.4168
0.7106 0.3222 0.2658 0.4202 0.8476 0.3256
0.7546 0.3726 0.4755 0.3378 0.9094 0.3950
0.8114 0.5676 0.6479 0.4716 0.9313 0.5459
0.9125 0.5971 0.5398 0.6015 0.9202 0.5690
0.9337 0.7491 0.7782 0.5924 0.9495 0.6727
0.9377 0.7643 0.7637 0.6259 0.9503 0.6879
0.9403 0.7681 0.7296 0.6497 0.9483 0.6873
0.9407 0.7687 0.7348 0.6464 0.9486 0.6878
0.9426 0.7717 0.7289 0.6546 0.9485 0.6898
0.9382 0.7413 0.7140 0.6169 0.9448 0.6619
0.9387 0.7617 0.7220 0.6459 0.9472 0.6819
0.9399 0.7672 0.7304 0.6475 0.9482 0.6865
0.9334 0.7511 0.7465 0.6130 0.9479 0.6732
0.8495 0.5581 0.5682 0.5178 0.9234 0.5418
0.7111 0.3582 0.2967 0.3615 0.8691 0.3259
0.7594 0.4630 0.6678 0.3343 0.9272 0.4455
0.8110 0.5917 0.6717 0.4926 0.9345 0.5684
0.9402 0.7745 0.7859 0.6290 0.9525 0.6987
0.9344 0.7555 0.7649 0.6107 0.9495 0.6792
0.9354 0.7594 0.7373 0.6381 0.9484 0.6841
0.9373 0.7584 0.7136 0.6465 0.9463 0.6784
0.9373 0.7573 0.7151 0.6434 0.9463 0.6773
0.9365 0.7506 0.7206 0.6289 0.9462 0.6716
0.9371 0.7530 0.7246 0.6302 0.9467 0.6741
0.9374 0.7612 0.7162 0.6514 0.9469 0.6823
0.9379 0.7632 0.7292 0.6456 0.9480 0.6849
0.9477 0.7806 0.7472 0.6692 0.9512 0.7060
0.9498 0.7934 0.7903 0.6505 0.9543 0.7136
0.9568 0.8070 0.8109 0.6566 0.9565 0.7257
0.9554 0.8063 0.8227 0.6419 0.9566 0.7212
0.9368 0.7597 0.7523 0.6270 0.9493 0.6840
0.8210 0.3670 0.3456 0.5369 0.8705 0.4205
0.7170 0.3331 0.3124 0.3649 0.8741 0.3366
0.7571 0.3822 0.4773 0.3488 0.9096 0.4031
0.8095 0.5662 0.6562 0.4676 0.9320 0.5461
0.9135 0.6022 0.5740 0.5714 0.9254 0.5727
0.9369 0.7549 0.7359 0.6278 0.9477 0.6776
0.9400 0.7681 0.7697 0.6292 0.9511 0.6924
0.9411 0.7663 0.7581 0.6254 0.9497 0.6854
0.9414 0.7668 0.7612 0.6241 0.9500 0.6859
0.9432 0.7698 0.7649 0.6243 0.9503 0.6875
0.9367 0.7314 0.7159 0.5940 0.9438 0.6493
0.5052 0.5440 0.0000 0.0000 0.9125 0.0000
0.9409 0.7659 0.7425 0.6335 0.9487 0.6837
0.9362 0.7583 0.7782 0.6053 0.9504 0.6809
0.8545 0.5678 0.6087 0.5013 0.9282 0.5498
0.7167 0.3692 0.3071 0.3740 0.8713 0.3372
0.7631 0.4735 0.6643 0.3464 0.9275 0.4554
0.8084 0.5910 0.7363 0.4558 0.9381 0.5631
0.9415 0.7776 0.7693 0.6392 0.9516 0.6982
0.9370 0.7610 0.7702 0.6159 0.9503 0.6845
0.9378 0.7635 0.7474 0.6395 0.9495 0.6892
0.9380 0.7563 0.7256 0.6327 0.9469 0.6759
0.9378 0.7551 0.7422 0.6179 0.9478 0.6744
0.9366 0.7476 0.7387 0.6097 0.9470 0.6680
0.9373 0.7496 0.7399 0.6118 0.9472 0.6697
0.4997 0.1189 0.1370 0.2440 0.7993 0.1755
0.9395 0.7645 0.7473 0.6302 0.9490 0.6838
0.9499 0.7848 0.7829 0.6454 0.9533 0.7075
0.9516 0.7978 0.7908 0.6480 0.9542 0.7123
0.9573 0.7988 0.7901 0.6594 0.9549 0.7189
0.9559 0.7973 0.7915 0.6490 0.9543 0.7132
0.9366 0.7611 0.7602 0.6216 0.9497 0.6839
0.8219 0.3671 0.3400 0.5503 0.8671 0.4203
0.7138 0.3261 0.2865 0.3874 0.8619 0.3294
0.7601 0.3830 0.4758 0.3523 0.9093 0.4048
0.8140 0.5781 0.6832 0.4682 0.9345 0.5556
0.9101 0.5971 0.5592 0.5874 0.9234 0.5730
0.9361 0.7532 0.7559 0.6148 0.9489 0.6781
0.9400 0.7695 0.7640 0.6350 0.9509 0.6936
0.9413 0.7675 0.7584 0.6269 0.9499 0.6864
0.9416 0.7681 0.7534 0.6307 0.9496 0.6866
0.9433 0.7709 0.7637 0.6274 0.9504 0.6889
0.9367 0.7325 0.6823 0.6206 0.9415 0.6500
0.9399 0.7619 0.7592 0.6183 0.9494 0.6815
0.9409 0.7666 0.7647 0.6206 0.9501 0.6852
0.9360 0.7597 0.7727 0.6130 0.9503 0.6837
0.8536 0.5623 0.6068 0.4968 0.9278 0.5463
0.7136 0.3593 0.2711 0.4130 0.8515 0.3274
0.7656 0.4780 0.6614 0.3521 0.9275 0.4596
0.8131 0.6007 0.7168 0.4830 0.9381 0.5771
0.9399 0.7758 0.7568 0.6450 0.9508 0.6964
0.9367 0.7618 0.7632 0.6242 0.9502 0.6867
0.9378 0.7651 0.7734 0.6236 0.9511 0.6905
0.9382 0.7568 0.7387 0.6231 0.9477 0.6760
0.9380 0.7555 0.7383 0.6206 0.9475 0.6744
0.9369 0.7476 0.7221 0.6175 0.9457 0.6657
0.9375 0.7498 0.6883 0.6485 0.9435 0.6678
0.9388 0.7617 0.7546 0.6225 0.9492 0.6822
0.9395 0.7651 0.7378 0.6398 0.9486 0.6853
0.9500 0.7864 0.7511 0.6767 0.9521 0.7120
0.9502 0.7946 0.7696 0.6607 0.9530 0.7110
0.9567 0.8062 0.7688 0.6826 0.9543 0.7231
0.9558 0.8056 0.7673 0.6786 0.9539 0.7202
