0.9354 0.7575 0.7560 0.6195 0.9492 0.6810
0.8220 0.3633 0.3358 0.5490 0.8655 0.4167
0.7184 0.3327 0.3168 0.3608 0.8759 0.3374
0.7582 0.3794 0.4685 0.3562 0.9083 0.4047
0.8135 0.5712 0.6546 0.4782 0.9322 0.5526
0.9106 0.5940 0.5578 0.5859 0.9231 0.5715
0.9352 0.7522 0.7479 0.6175 0.9483 0.6765
0.9390 0.7672 0.7917 0.6135 0.9520 0.6913
0.9404 0.7661 0.7618 0.6266 0.9502 0.6876
0.9408 0.7667 0.7607 0.6277 0.9501 0.6878
0.9426 0.7695 0.7707 0.6233 0.9508 0.6892
0.9374 0.7355 0.7050 0.6135 0.9437 0.6561
0.9390 0.7602 0.7686 0.6120 0.9499 0.6814
0.9405 0.7658 0.7712 0.6178 0.9505 0.6861
0.9348 0.7559 0.7599 0.6154 0.9493 0.6801
0.8541 0.5596 0.5681 0.5225 0.9234 0.5444
0.7196 0.3693 0.2914 0.3908 0.8635 0.3339
0.7631 0.4737 0.6514 0.3480 0.9266 0.4536
0.8120 0.5939 0.7057 0.4812 0.9370 0.5722
0.9398 0.7757 0.7702 0.6453 0.9521 0.7022
0.9355 0.7589 0.7901 0.6041 0.9513 0.6847
0.9367 0.7624 0.7857 0.6121 0.9514 0.6881
0.9376 0.7560 0.7672 0.6060 0.9494 0.6771
0.9375 0.7548 0.7499 0.6150 0.9483 0.6758
0.9364 0.7472 0.7306 0.6148 0.9464 0.6677
0.9372 0.7497 0.7187 0.6279 0.9459 0.6703
0.9380 0.7602 0.7749 0.6089 0.9503 0.6819
0.9386 0.7633 0.7718 0.6159 0.9504 0.6851
0.9478 0.7799 0.7464 0.6693 0.9511 0.7057
0.9511 0.7957 0.7479 0.6843 0.9522 0.7147
0.9565 0.8084 0.7839 0.6760 0.9553 0.7259
0.9554 0.8051 0.8099 0.6495 0.9560 0.7209
0.9348 0.7532 0.7643 0.6083 0.9493 0.6774
0.8158 0.3609 0.3318 0.5464 0.8640 0.4129
0.7063 0.3237 0.3026 0.3479 0.8728 0.3237
0.7543 0.3708 0.4875 0.3245 0.9110 0.3896
0.8124 0.5685 0.6769 0.4587 0.9335 0.5469
0.9103 0.5996 0.5471 0.5982 0.9215 0.5715
0.9341 0.7473 0.7573 0.6001 0.9482 0.6696
0.9375 0.7592 0.7740 0.6116 0.9504 0.6833
0.9396 0.7592 0.7403 0.6216 0.9478 0.6757
0.9399 0.7597 0.7403 0.6222 0.9478 0.6761
0.9416 0.7624 0.7656 0.6087 0.9494 0.6782
0.9352 0.7255 0.6854 0.6076 0.9412 0.6442
0.9383 0.7540 0.7376 0.6177 0.9473 0.6724
0.9392 0.7588 0.7501 0.6143 0.9483 0.6755
0.9341 0.7512 0.7594 0.6090 0.9489 0.6759
0.8489 0.5523 0.5993 0.4858 0.9266 0.5366
0.7069 0.3582 0.3149 0.3318 0.8783 0.3232
0.7593 0.4634 0.6410 0.3389 0.9255 0.4434
0.8112 0.5919 0.7384 0.4620 0.9386 0.5684
0.9393 0.7707 0.7432 0.6493 0.9497 0.6931
0.9348 0.7541 0.7437 0.6199 0.9480 0.6762
0.9356 0.7558 0.7539 0.6177 0.9489 0.6791
0.9364 0.7488 0.7276 0.6150 0.9461 0.6666
0.9362 0.7475 0.7397 0.6054 0.9468 0.6658
0.9351 0.7397 0.7466 0.5892 0.9465 0.6587
0.9358 0.7420 0.7082 0.6166 0.9442 0.6593
0.9371 0.7539 0.7369 0.6187 0.9473 0.6726
0.9377 0.7573 0.7321 0.6272 0.9473 0.6756
0.9474 0.7779 0.7786 0.6368 0.9524 0.7006
0.9483 0.7866 0.7668 0.6505 0.9521 0.7039
0.9559 0.7980 0.7579 0.6722 0.9525 0.7125
0.9544 0.7972 0.7802 0.6484 0.9532 0.7082
0.9350 0.7565 0.7652 0.6125 0.9496 0.6804
0.8164 0.3664 0.3421 0.5401 0.8688 0.4189
0.7157 0.3283 0.2976 0.3695 0.8685 0.3297
0.7568 0.3821 0.4591 0.3583 0.9069 0.4025
0.8120 0.5704 0.6274 0.4915 0.9299 0.5512
0.9101 0.5913 0.5407 0.5952 0.9203 0.5667
0.9347 0.7504 0.7277 0.6300 0.9470 0.6753
0.9388 0.7667 0.7576 0.6298 0.9500 0.6878
0.9399 0.7656 0.7325 0.6389 0.9480 0.6825
0.9402 0.7661 0.7463 0.6299 0.9489 0.6832
0.9418 0.7687 0.7319 0.6441 0.9482 0.6852
0.9363 0.7369 0.6994 0.6172 0.9433 0.6558
0.9381 0.7591 0.7334 0.6298 0.9476 0.6777
0.9396 0.7648 0.7291 0.6435 0.9479 0.6836
0.9343 0.7549 0.7565 0.6148 0.9490 0.6783
0.8472 0.5552 0.5967 0.4889 0.9263 0.5374
0.7154 0.3626 0.2850 0.3847 0.8617 0.3274
0.7608 0.4702 0.6469 0.3478 0.9263 0.4524
0.8104 0.5935 0.6781 0.4923 0.9351 0.5704
0.9401 0.7735 0.7433 0.6493 0.9497 0.6931
0.9351 0.7575 0.7514 0.6224 0.9489 0.6808
0.9362 0.7606 0.7452 0.6326 0.9489 0.6843
0.9367 0.7550 0.7086 0.6434 0.9456 0.6744
0.9366 0.7538 0.7327 0.6229 0.9471 0.6733
0.9353 0.7463 0.7305 0.6124 0.9463 0.6663
0.9361 0.7489 0.7324 0.6142 0.9466 0.6681
0.9373 0.7588 0.7257 0.6358 0.9471 0.6777
0.9379 0.7615 0.7297 0.6388 0.9477 0.6813
0.9460 0.7816 0.7654 0.6579 0.9524 0.7076
0.9499 0.7945 0.7410 0.6807 0.9512 0.7096
0.9560 0.8036 0.7837 0.6680 0.9548 0.7212
0.9548 0.8058 0.7698 0.6726 0.9537 0.7179
0.9377 0.7636 0.7747 0.6229 0.9511 0.6906
0.8248 0.3673 0.3428 0.5539 0.8680 0.4235
0.7155 0.3286 0.2770 0.4083 0.8549 0.3301
0.7586 0.3792 0.4622 0.3559 0.9074 0.4021
0.8148 0.5759 0.6615 0.4695 0.9325 0.5492
0.9150 0.6108 0.5626 0.5880 0.9239 0.5750
0.9378 0.7579 0.7334 0.6369 0.9480 0.6818
0.9413 0.7716 0.7943 0.6158 0.9524 0.6938
0.9427 0.7700 0.7379 0.6432 0.9488 0.6873
0.9430 0.7706 0.7481 0.6370 0.9495 0.6881
0.9448 0.7735 0.7472 0.6419 0.9497 0.6906
0.9383 0.7363 0.6856 0.6210 0.9419 0.6517
0.9412 0.7644 0.7483 0.6263 0.9489 0.6819
0.9423 0.7693 0.7296 0.6487 0.9482 0.6868
0.9371 0.7620 0.7711 0.6218 0.9507 0.6884
0.8577 0.5699 0.6317 0.4903 0.9304 0.5521
0.7147 0.3615 0.2942 0.3701 0.8672 0.3278
0.7631 0.4717 0.6364 0.3513 0.9257 0.4527
0.8143 0.5998 0.7436 0.4656 0.9392 0.5727
0.9427 0.7815 0.7654 0.6525 0.9521 0.7045
0.9380 0.7644 0.7760 0.6246 0.9514 0.6921
0.9391 0.7677 0.7532 0.6437 0.9504 0.6942
0.9396 0.7598 0.7289 0.6350 0.9474 0.6787
0.9395 0.7585 0.7254 0.6352 0.9470 0.6773
0.9383 0.7509 0.7332 0.6167 0.9468 0.6699
0.9390 0.7531 0.7420 0.6140 0.9475 0.6720
0.9401 0.7642 0.7422 0.6318 0.9486 0.6826
0.9408 0.7675 0.7439 0.6369 0.9490 0.6863
0.9507 0.7866 0.7730 0.6630 0.9535 0.7138
0.9523 0.8003 0.7951 0.6550 0.9550 0.7183
0.9588 0.8136 0.7741 0.6834 0.9548 0.7259
0.9578 0.8102 0.7783 0.6750 0.9547 0.7230
0.9376 0.7632 0.7609 0.6251 0.9500 0.6863
0.8186 0.3658 0.3363 0.5578 0.8650 0.4197
0.7153 0.3271 0.2645 0.4416 0.8437 0.3309
0.7541 0.3779 0.5067 0.3258 0.9132 0.3966
0.8066 0.5669 0.6657 0.4695 0.9329 0.5507
0.9125 0.5995 0.5633 0.5799 0.9239 0.5715
0.9372 0.7588 0.7362 0.6342 0.9481 0.6814
0.9414 0.7730 0.7718 0.6314 0.9514 0.6946
0.9424 0.7714 0.7552 0.6364 0.9501 0.6907
0.9427 0.7719 0.7634 0.6304 0.9506 0.6906
0.9445 0.7748 0.7687 0.6289 0.9510 0.6918
0.9383 0.7384 0.6919 0.6264 0.9429 0.6575
0.9409 0.7657 0.7329 0.6442 0.9483 0.6857
0.9422 0.7710 0.7666 0.6269 0.9506 0.6898
0.9371 0.7618 0.7610 0.6233 0.9499 0.6853
0.8499 0.5642 0.6052 0.5048 0.9278 0.5505
0.7147 0.3613 0.2723 0.4182 0.8513 0.3299
0.7580 0.4684 0.6393 0.3459 0.9257 0.4489
0.8056 0.5906 0.6785 0.4901 0.9351 0.5691
0.9418 0.7821 0.7762 0.6430 0.9525 0.7033
0.9379 0.7650 0.7576 0.6319 0.9501 0.6891
0.9391 0.7684 0.7526 0.6420 0.9502 0.6929
0.9392 0.7612 0.7363 0.6348 0.9481 0.6818
0.9391 0.7600 0.7364 0.6326 0.9480 0.6805
0.9379 0.7526 0.7350 0.6197 0.9472 0.6724
0.9386 0.7548 0.7434 0.6168 0.9478 0.6742
0.9399 0.7656 0.7400 0.6397 0.9488 0.6862
0.9406 0.7688 0.7241 0.6586 0.9482 0.6898
0.9506 0.7850 0.7410 0.6815 0.9513 0.7100
0.9526 0.7976 0.7717 0.6649 0.9535 0.7143
0.9585 0.8106 0.7890 0.6732 0.9556 0.7265
0.9577 0.8104 0.7886 0.6684 0.9553 0.7235
