0.9355 0.7565 0.7641 0.6100 0.9494 0.6784
0.8214 0.3609 0.3427 0.5387 0.8692 0.4189
0.7113 0.3276 0.2928 0.3664 0.8671 0.3255
0.7582 0.3829 0.4640 0.3521 0.9077 0.4004
0.8140 0.5681 0.6410 0.4792 0.9309 0.5484
0.9121 0.5993 0.5686 0.5741 0.9246 0.5713
0.9352 0.7523 0.7705 0.6000 0.9493 0.6747
0.9390 0.7664 0.7594 0.6321 0.9503 0.6899
0.9409 0.7661 0.7521 0.6289 0.9494 0.6850
0.9412 0.7667 0.7510 0.6302 0.9493 0.6853
0.9431 0.7697 0.7403 0.6408 0.9489 0.6870
0.9381 0.7345 0.6774 0.6264 0.9412 0.6509
0.9395 0.7605 0.7421 0.6252 0.9482 0.6786
0.9409 0.7661 0.7513 0.6284 0.9493 0.6844
0.9348 0.7549 0.7514 0.6154 0.9485 0.6766
0.8530 0.5602 0.5951 0.5055 0.9266 0.5466
0.7118 0.3568 0.2808 0.3837 0.8601 0.3243
0.7629 0.4725 0.6452 0.3500 0.9263 0.4539
0.8128 0.5938 0.7337 0.4722 0.9388 0.5746
0.9416 0.7771 0.7694 0.6404 0.9517 0.6990
0.9358 0.7586 0.7852 0.6001 0.9506 0.6803
0.9368 0.7613 0.7812 0.6069 0.9507 0.6831
0.9379 0.7563 0.7362 0.6222 0.9474 0.6744
0.9378 0.7551 0.7312 0.6241 0.9470 0.6734
0.9369 0.7476 0.7104 0.6293 0.9451 0.6674
0.9376 0.7500 0.7247 0.6214 0.9462 0.6691
0.9383 0.7605 0.7460 0.6243 0.9485 0.6798
0.9390 0.7635 0.7471 0.6284 0.9489 0.6827
0.9465 0.7766 0.7550 0.6666 0.9519 0.7081
0.9502 0.7960 0.7886 0.6537 0.9543 0.7148
0.9576 0.8086 0.7712 0.6839 0.9546 0.7250
0.9561 0.8056 0.7626 0.6829 0.9536 0.7206
0.9362 0.7584 0.7659 0.6152 0.9499 0.6823
0.8189 0.3662 0.3361 0.5488 0.8657 0.4169
0.7115 0.3244 0.2685 0.4174 0.8495 0.3268
0.7603 0.3786 0.4828 0.3431 0.9103 0.4012
0.8105 0.5684 0.6811 0.4540 0.9336 0.5448
0.9107 0.5978 0.5450 0.6026 0.9212 0.5723
0.9356 0.7516 0.7376 0.6228 0.9476 0.6753
0.9394 0.7670 0.7622 0.6309 0.9505 0.6904
0.9419 0.7700 0.7185 0.6606 0.9476 0.6883
0.9422 0.7705 0.7573 0.6314 0.9500 0.6887
0.9440 0.7733 0.7397 0.6479 0.9492 0.6908
0.9386 0.7400 0.7020 0.6161 0.9435 0.6563
0.9403 0.7640 0.7313 0.6421 0.9480 0.6838
0.9416 0.7694 0.7515 0.6347 0.9497 0.6882
0.9356 0.7566 0.7398 0.6286 0.9481 0.6797
0.8510 0.5596 0.5799 0.5179 0.9250 0.5472
0.7115 0.3611 0.2721 0.4063 0.8529 0.3260
0.7649 0.4749 0.6584 0.3481 0.9271 0.4554
0.8101 0.5921 0.7343 0.4613 0.9382 0.5666
0.9407 0.7771 0.7463 0.6520 0.9501 0.6960
0.9364 0.7594 0.7624 0.6196 0.9498 0.6836
0.9374 0.7631 0.7587 0.6324 0.9502 0.6898
0.9389 0.7603 0.7268 0.6385 0.9474 0.6798
0.9388 0.7591 0.7384 0.6277 0.9480 0.6786
0.9379 0.7521 0.7491 0.6089 0.9479 0.6717
0.9385 0.7544 0.7481 0.6116 0.9480 0.6730
0.9392 0.7638 0.7403 0.6370 0.9487 0.6848
0.9397 0.7664 0.7345 0.6468 0.9486 0.6878
0.9473 0.7776 0.7345 0.6753 0.9502 0.7036
0.9502 0.7927 0.7752 0.6554 0.9532 0.7103
0.9580 0.8112 0.7875 0.6747 0.9556 0.7267
0.9564 0.8073 0.7942 0.6614 0.9554 0.7217
0.9368 0.7595 0.7296 0.6416 0.9478 0.6828
0.8184 0.3610 0.3381 0.5415 0.8671 0.4163
0.7181 0.3337 0.3157 0.3634 0.8753 0.3379
0.7565 0.3786 0.4793 0.3431 0.9099 0.4000
0.8084 0.5667 0.6675 0.4603 0.9327 0.5448
0.9117 0.5916 0.5405 0.5952 0.9203 0.5665
0.9368 0.7549 0.7271 0.6369 0.9473 0.6790
0.9406 0.7693 0.7406 0.6482 0.9493 0.6913
0.9414 0.7664 0.7572 0.6254 0.9497 0.6850
0.9416 0.7669 0.7606 0.6233 0.9499 0.6851
0.9434 0.7696 0.7654 0.6220 0.9502 0.6863
0.9377 0.7347 0.7069 0.6102 0.9437 0.6550
0.9398 0.7610 0.7510 0.6217 0.9488 0.6802
0.9415 0.7665 0.7859 0.6049 0.9510 0.6836
0.9362 0.7579 0.7551 0.6222 0.9493 0.6822
0.8493 0.5550 0.6101 0.4866 0.9279 0.5414
0.7177 0.3713 0.3034 0.3860 0.8687 0.3398
0.7619 0.4700 0.6381 0.3479 0.9257 0.4503
0.8065 0.5877 0.6906 0.4747 0.9354 0.5626
0.9413 0.7758 0.7717 0.6385 0.9518 0.6988
0.9370 0.7605 0.7551 0.6286 0.9496 0.6860
0.9380 0.7636 0.7761 0.6197 0.9511 0.6891
0.9383 0.7564 0.7617 0.6068 0.9490 0.6755
0.9382 0.7552 0.7446 0.6162 0.9479 0.6743
0.9370 0.7476 0.7530 0.6000 0.9478 0.6679
0.9377 0.7499 0.7580 0.5995 0.9482 0.6695
0.9390 0.7610 0.7542 0.6206 0.9491 0.6809
0.9397 0.7643 0.7575 0.6240 0.9496 0.6843
0.9477 0.7812 0.7624 0.6590 0.9522 0.7069
0.9505 0.7944 0.7642 0.6657 0.9528 0.7116
0.9562 0.8012 0.7688 0.6840 0.9543 0.7239
0.9553 0.8037 0.7900 0.6625 0.9550 0.7207
0.9358 0.7592 0.7656 0.6189 0.9501 0.6845
0.8179 0.3659 0.3361 0.5394 0.8664 0.4142
0.7153 0.3269 0.3027 0.3694 0.8703 0.3328
0.7525 0.3705 0.4898 0.3297 0.9113 0.3941
0.8139 0.5724 0.6697 0.4689 0.9333 0.5516
0.9107 0.6023 0.5578 0.5854 0.9231 0.5713
0.9351 0.7529 0.7470 0.6201 0.9484 0.6777
0.9390 0.7667 0.7485 0.6361 0.9494 0.6877
0.9403 0.7641 0.7471 0.6300 0.9490 0.6836
0.9406 0.7645 0.7453 0.6319 0.9489 0.6840
0.9423 0.7671 0.7500 0.6327 0.9494 0.6864
0.9351 0.7287 0.6813 0.6136 0.9411 0.6457
0.9387 0.7576 0.7436 0.6223 0.9482 0.6775
0.9397 0.7619 0.7424 0.6272 0.9483 0.6800
0.9352 0.7578 0.7832 0.6046 0.9507 0.6824
0.8501 0.5573 0.5802 0.5055 0.9247 0.5403
0.7149 0.3620 0.2952 0.3713 0.8674 0.3289
0.7586 0.4671 0.6477 0.3450 0.9262 0.4502
0.8128 0.5949 0.7072 0.4815 0.9372 0.5729
0.9391 0.7735 0.7707 0.6357 0.9516 0.6967
0.9359 0.7601 0.7785 0.6132 0.9509 0.6860
0.9369 0.7627 0.7737 0.6214 0.9510 0.6893
0.9369 0.7526 0.7297 0.6221 0.9468 0.6716
0.9367 0.7512 0.7171 0.6283 0.9458 0.6698
0.9353 0.7429 0.7426 0.5978 0.9467 0.6624
0.9360 0.7452 0.7414 0.6017 0.9468 0.6643
0.9376 0.7574 0.7436 0.6218 0.9481 0.6772
0.9384 0.7608 0.7242 0.6410 0.9472 0.6801
0.9478 0.7797 0.7371 0.6764 0.9506 0.7055
0.9511 0.7957 0.7731 0.6591 0.9532 0.7116
0.9566 0.8037 0.7855 0.6705 0.9551 0.7235
0.9556 0.8057 0.7782 0.6691 0.9543 0.7195
0.9367 0.7614 0.7722 0.6142 0.9504 0.6842
0.8224 0.3638 0.3386 0.5565 0.8661 0.4211
0.7137 0.3287 0.2662 0.4338 0.8458 0.3299
0.7530 0.3754 0.4825 0.3414 0.9103 0.3999
0.8125 0.5758 0.6567 0.4827 0.9326 0.5564
0.9125 0.6033 0.5772 0.5804 0.9261 0.5788
0.9365 0.7566 0.7674 0.6115 0.9498 0.6806
0.9399 0.7691 0.7389 0.6513 0.9493 0.6923
0.9409 0.7673 0.7508 0.6308 0.9494 0.6856
0.9411 0.7678 0.7522 0.6301 0.9495 0.6857
0.9428 0.7709 0.7375 0.6448 0.9488 0.6880
0.9368 0.7371 0.6826 0.6316 0.9421 0.6562
0.9392 0.7615 0.7306 0.6371 0.9477 0.6807
0.9407 0.7674 0.7359 0.6447 0.9487 0.6873
0.9360 0.7600 0.7638 0.6182 0.9499 0.6833
0.8552 0.5619 0.6010 0.5042 0.9273 0.5484
0.7142 0.3626 0.2584 0.4471 0.8393 0.3275
0.7562 0.4650 0.6310 0.3470 0.9251 0.4477
0.8111 0.5996 0.7393 0.4722 0.9392 0.5763
0.9408 0.7784 0.7469 0.6591 0.9506 0.7003
0.9369 0.7633 0.7670 0.6201 0.9503 0.6858
0.9377 0.7653 0.7574 0.6286 0.9499 0.6870
0.9377 0.7571 0.7257 0.6324 0.9469 0.6758
0.9375 0.7559 0.7190 0.6355 0.9464 0.6747
0.9361 0.7486 0.7317 0.6162 0.9466 0.6690
0.9369 0.7509 0.7405 0.6116 0.9472 0.6699
0.9384 0.7616 0.7322 0.6366 0.9478 0.6811
0.9391 0.7653 0.7268 0.6480 0.9479 0.6851
0.9477 0.7829 0.7487 0.6702 0.9514 0.7073
0.9501 0.7973 0.7657 0.6709 0.9532 0.7152
0.9567 0.8008 0.8012 0.6635 0.9561 0.7259
0.9555 0.8058 0.7809 0.6693 0.9546 0.7208
