0.9364 0.7618 0.7506 0.6350 0.9496 0.6880
0.8192 0.3665 0.3394 0.5518 0.8668 0.4203
0.7166 0.3295 0.2641 0.4433 0.8432 0.3310
0.7551 0.3743 0.4766 0.3380 0.9096 0.3955
0.8131 0.5751 0.6538 0.4800 0.9322 0.5536
0.9110 0.5921 0.5552 0.5760 0.9225 0.5654
0.9356 0.7551 0.7731 0.6075 0.9500 0.6803
0.9395 0.7690 0.7932 0.6124 0.9521 0.6912
0.9415 0.7702 0.7624 0.6287 0.9503 0.6891
0.9418 0.7707 0.7520 0.6366 0.9498 0.6895
0.9435 0.7733 0.7671 0.6319 0.9510 0.6930
0.9378 0.7396 0.6990 0.6223 0.9435 0.6584
0.9400 0.7644 0.7460 0.6325 0.9490 0.6846
0.9413 0.7698 0.7719 0.6221 0.9508 0.6889
0.9359 0.7607 0.7441 0.6359 0.9490 0.6857
0.8530 0.5686 0.5994 0.5118 0.9273 0.5522
0.7166 0.3590 0.2576 0.4440 0.8393 0.3260
0.7594 0.4696 0.6683 0.3422 0.9276 0.4527
0.8119 0.5994 0.7069 0.4878 0.9375 0.5772
0.9408 0.7778 0.7708 0.6406 0.9519 0.6997
0.9366 0.7631 0.7531 0.6368 0.9499 0.6901
0.9377 0.7663 0.7805 0.6240 0.9517 0.6935
0.9384 0.7601 0.7630 0.6134 0.9495 0.6801
0.9382 0.7589 0.7493 0.6201 0.9486 0.6786
0.9371 0.7515 0.7497 0.6088 0.9480 0.6719
0.9378 0.7539 0.7543 0.6085 0.9484 0.6736
0.9389 0.7644 0.7367 0.6411 0.9485 0.6856
0.9395 0.7675 0.7515 0.6376 0.9498 0.6899
0.9481 0.7848 0.7414 0.6775 0.9511 0.7080
0.9514 0.7971 0.7881 0.6528 0.9543 0.7141
0.9567 0.8044 0.8101 0.6538 0.9563 0.7236
0.9559 0.8055 0.7751 0.6714 0.9542 0.7195
0.9359 0.7566 0.7749 0.6076 0.9502 0.6811
0.8191 0.3719 0.3390 0.5558 0.8663 0.4211
0.7138 0.3333 0.3082 0.3457 0.8748 0.3259
0.7559 0.3757 0.4641 0.3491 0.9077 0.3985
0.8106 0.5733 0.6555 0.4792 0.9324 0.5537
0.9124 0.6059 0.5732 0.5867 0.9256 0.5798
0.9355 0.7506 0.7633 0.6003 0.9487 0.6721
0.9396 0.7655 0.7798 0.6168 0.9512 0.6888
0.9416 0.7673 0.7300 0.6448 0.9480 0.6848
0.9419 0.7679 0.7315 0.6445 0.9482 0.6853
0.9437 0.7709 0.7556 0.6316 0.9499 0.6881
0.9387 0.7393 0.7216 0.6043 0.9450 0.6577
0.9402 0.7615 0.7418 0.6262 0.9482 0.6791
0.9415 0.7673 0.7376 0.6386 0.9485 0.6846
0.9353 0.7548 0.7922 0.5928 0.9508 0.6782
0.8508 0.5640 0.6353 0.4827 0.9305 0.5486
0.7127 0.3656 0.5967 0.2264 0.9189 0.3283
0.7604 0.4708 0.6667 0.3415 0.9274 0.4516
0.8089 0.5915 0.7044 0.4796 0.9368 0.5707
0.9396 0.7760 0.7678 0.6399 0.9515 0.6980
0.9360 0.7570 0.7626 0.6113 0.9493 0.6786
0.9374 0.7615 0.7608 0.6226 0.9498 0.6848
0.9386 0.7577 0.7457 0.6184 0.9481 0.6761
0.9386 0.7566 0.7213 0.6349 0.9466 0.6754
0.9377 0.7499 0.7005 0.6410 0.9446 0.6694
0.9383 0.7522 0.7165 0.6317 0.9459 0.6714
0.9390 0.7611 0.7550 0.6174 0.9490 0.6793
0.9396 0.7640 0.7409 0.6323 0.9485 0.6823
0.9485 0.7788 0.7434 0.6712 0.9509 0.7054
0.9499 0.7944 0.7939 0.6441 0.9542 0.7112
0.9569 0.8098 0.7866 0.6671 0.9550 0.7219
0.9557 0.8060 0.7732 0.6676 0.9538 0.7165
0.9367 0.7604 0.7865 0.6043 0.9510 0.6834
0.8185 0.3560 0.3356 0.5359 0.8665 0.4127
0.7166 0.3311 0.3136 0.3665 0.8744 0.3380
0.7551 0.3789 0.4658 0.3487 0.9080 0.3988
0.8080 0.5654 0.6480 0.4682 0.9312 0.5436
0.9105 0.5899 0.5672 0.5710 0.9243 0.5691
0.9367 0.7563 0.7253 0.6417 0.9474 0.6810
0.9403 0.7698 0.7536 0.6436 0.9504 0.6943
0.9405 0.7629 0.7539 0.6246 0.9493 0.6832
0.9408 0.7634 0.7511 0.6273 0.9492 0.6836
0.9424 0.7663 0.7621 0.6234 0.9500 0.6858
0.9369 0.7289 0.6876 0.6069 0.9415 0.6448
0.9391 0.7582 0.7423 0.6258 0.9482 0.6791
0.9406 0.7639 0.7481 0.6288 0.9490 0.6833
0.9361 0.7587 0.7908 0.5991 0.9510 0.6817
0.8497 0.5516 0.5770 0.5046 0.9243 0.5384
0.7164 0.3667 0.2861 0.4104 0.8588 0.3372
0.7606 0.4688 0.6795 0.3336 0.9279 0.4475
0.8071 0.5880 0.6895 0.4786 0.9355 0.5650
0.9407 0.7757 0.7495 0.6501 0.9504 0.6962
0.9369 0.7618 0.7837 0.6121 0.9513 0.6874
0.9377 0.7640 0.7706 0.6208 0.9506 0.6876
0.9374 0.7529 0.7321 0.6248 0.9471 0.6742
0.9373 0.7516 0.7235 0.6277 0.9464 0.6722
0.9360 0.7436 0.7537 0.5915 0.9473 0.6628
0.9368 0.7459 0.7511 0.5957 0.9473 0.6644
0.9383 0.7587 0.7342 0.6323 0.9478 0.6794
0.9390 0.7625 0.7253 0.6473 0.9477 0.6841
0.9488 0.7806 0.7272 0.6822 0.9498 0.7039
0.9489 0.7894 0.7644 0.6550 0.9521 0.7055
0.9557 0.8006 0.7539 0.6828 0.9527 0.7166
0.9551 0.8008 0.7580 0.6716 0.9525 0.7122
0.9358 0.7601 0.7632 0.6240 0.9501 0.6866
0.8187 0.3574 0.3361 0.5510 0.8654 0.4175
0.7137 0.3285 0.3168 0.3546 0.8766 0.3346
0.7552 0.3803 0.4660 0.3544 0.9079 0.4026
0.8095 0.5678 0.6676 0.4703 0.9331 0.5518
0.9127 0.6003 0.5417 0.6077 0.9207 0.5728
0.9353 0.7531 0.7342 0.6298 0.9476 0.6780
0.9396 0.7693 0.7638 0.6342 0.9508 0.6930
0.9409 0.7671 0.7403 0.6374 0.9487 0.6850
0.9412 0.7676 0.7394 0.6387 0.9487 0.6854
0.9431 0.7703 0.7590 0.6267 0.9499 0.6865
0.9374 0.7356 0.7101 0.6007 0.9436 0.6508
0.9393 0.7612 0.7160 0.6473 0.9467 0.6799
0.9407 0.7665 0.7412 0.6366 0.9487 0.6849
0.9353 0.7590 0.7860 0.6053 0.9510 0.6839
0.8524 0.5562 0.5804 0.5104 0.9249 0.5432
0.7126 0.3646 0.3082 0.3641 0.8728 0.3338
0.7592 0.4682 0.6807 0.3408 0.9283 0.4542
0.8081 0.5900 0.7352 0.4672 0.9386 0.5713
0.9417 0.7787 0.7747 0.6441 0.9525 0.7034
0.9360 0.7614 0.8045 0.5964 0.9520 0.6850
0.9371 0.7642 0.7590 0.6319 0.9502 0.6897
0.9377 0.7565 0.7564 0.6093 0.9486 0.6749
0.9375 0.7552 0.7551 0.6082 0.9484 0.6737
0.9364 0.7474 0.7257 0.6133 0.9459 0.6648
0.9371 0.7499 0.7194 0.6229 0.9457 0.6677
0.9383 0.7610 0.7254 0.6425 0.9474 0.6815
0.9390 0.7643 0.7343 0.6415 0.9483 0.6848
0.9484 0.7844 0.7639 0.6622 0.9525 0.7094
0.9507 0.7977 0.7431 0.6865 0.9518 0.7137
0.9586 0.8123 0.7803 0.6785 0.9551 0.7258
0.9561 0.8057 0.7855 0.6630 0.9547 0.7191
0.9358 0.7570 0.7584 0.6169 0.9493 0.6804
0.8173 0.3611 0.3319 0.5460 0.8641 0.4129
0.7099 0.3181 0.2706 0.4053 0.8523 0.3245
0.7587 0.3802 0.4709 0.3487 0.9087 0.4007
0.8177 0.5736 0.6449 0.4773 0.9312 0.5486
0.9117 0.6059 0.5664 0.5851 0.9245 0.5756
0.9355 0.7517 0.7458 0.6165 0.9480 0.6750
0.9390 0.7651 0.7548 0.6289 0.9496 0.6861
0.9407 0.7651 0.7396 0.6371 0.9486 0.6845
0.9410 0.7657 0.7413 0.6370 0.9488 0.6852
0.9428 0.7686 0.7472 0.6345 0.9492 0.6863
0.9364 0.7304 0.6931 0.6105 0.9422 0.6492
0.9392 0.7591 0.7259 0.6351 0.9471 0.6775
0.9404 0.7639 0.7595 0.6178 0.9494 0.6814
0.9350 0.7551 0.7479 0.6208 0.9485 0.6785
0.8506 0.5572 0.5807 0.5023 0.9247 0.5387
0.7116 0.3564 0.2995 0.3558 0.8708 0.3252
0.7641 0.4726 0.6534 0.3455 0.9267 0.4520
0.8173 0.6006 0.7170 0.4801 0.9379 0.5751
0.9409 0.7754 0.7459 0.6521 0.9501 0.6958
0.9359 0.7577 0.7622 0.6187 0.9497 0.6830
0.9367 0.7604 0.7737 0.6129 0.9504 0.6840
0.9376 0.7547 0.7427 0.6163 0.9477 0.6736
0.9375 0.7534 0.7033 0.6432 0.9450 0.6719
0.9363 0.7456 0.7168 0.6194 0.9453 0.6645
0.9370 0.7478 0.7003 0.6350 0.9443 0.6661
0.9381 0.7589 0.7401 0.6251 0.9480 0.6777
0.9387 0.7619 0.7773 0.6049 0.9502 0.6803
0.9483 0.7805 0.7493 0.6680 0.9514 0.7063
0.9498 0.7911 0.7826 0.6462 0.9533 0.7079
0.9559 0.8030 0.7621 0.6780 0.9533 0.7176
0.9552 0.8032 0.7615 0.6762 0.9531 0.7163
